{"xmin":0,"xmax":0.0001,"dx":3.90625E-7,"x":[0,3.90625E-7,7.8125E-7,1.1718750000000001E-6,1.5625E-6,1.953125E-6,2.3437500000000002E-6,2.734375E-6,3.125E-6,3.5156250000000003E-6,3.90625E-6,4.296875E-6,4.6875000000000004E-6,5.0781250000000006E-6,5.46875E-6,5.859375E-6,6.25E-6,6.6406250000000005E-6,7.0312500000000007E-6,7.421875E-6,7.8125E-6,8.2031250000000012E-6,8.59375E-6,8.984375E-6,9.3750000000000009E-6,9.765625E-6,1.0156250000000001E-5,1.0546875E-5,1.09375E-5,1.1328125000000001E-5,1.171875E-5,1.2109375000000001E-5,1.25E-5,1.2890625E-5,1.3281250000000001E-5,1.3671875E-5,1.4062500000000001E-5,1.4453125E-5,1.484375E-5,1.5234375000000001E-5,1.5625E-5,1.6015625E-5,1.6406250000000002E-5,1.6796875E-5,1.71875E-5,1.7578125000000002E-5,1.796875E-5,1.8359375E-5,1.8750000000000002E-5,1.9140625E-5,1.953125E-5,1.9921875E-5,2.0312500000000002E-5,2.0703125E-5,2.109375E-5,2.1484375000000002E-5,2.1875E-5,2.2265625E-5,2.2656250000000002E-5,2.3046875E-5,2.34375E-5,2.3828125E-5,2.4218750000000003E-5,2.4609375E-5,2.5E-5,2.5390625000000002E-5,2.578125E-5,2.6171875E-5,2.6562500000000002E-5,2.6953125000000003E-5,2.734375E-5,2.7734375E-5,2.8125000000000003E-5,2.8515625E-5,2.890625E-5,2.9296875000000002E-5,2.96875E-5,3.0078125E-5,3.0468750000000002E-5,3.0859375E-5,3.125E-5,3.1640625E-5,3.203125E-5,3.2421875E-5,3.2812500000000005E-5,3.3203125E-5,3.359375E-5,3.3984375000000004E-5,3.4375E-5,3.4765625E-5,3.5156250000000004E-5,3.5546875E-5,3.59375E-5,3.6328125000000004E-5,3.671875E-5,3.7109375E-5,3.7500000000000003E-5,3.7890625E-5,3.828125E-5,3.8671875E-5,3.90625E-5,3.9453125000000005E-5,3.984375E-5,4.0234375E-5,4.0625000000000005E-5,4.1015625E-5,4.140625E-5,4.1796875000000005E-5,4.21875E-5,4.2578125E-5,4.2968750000000004E-5,4.3359375E-5,4.375E-5,4.4140625000000004E-5,4.453125E-5,4.4921875E-5,4.5312500000000004E-5,4.5703125E-5,4.609375E-5,4.6484375E-5,4.6875E-5,4.7265625000000005E-5,4.765625E-5,4.8046875E-5,4.8437500000000005E-5,4.8828125E-5,4.921875E-5,4.9609375000000005E-5,5E-5,5.0390625E-5,5.0781250000000004E-5,5.1171875E-5,5.15625E-5,5.1953125000000004E-5,5.234375E-5,5.2734375E-5,5.3125000000000004E-5,5.3515625E-5,5.3906250000000006E-5,5.4296875000000004E-5,5.46875E-5,5.5078125000000006E-5,5.546875E-5,5.5859375E-5,5.6250000000000005E-5,5.6640625E-5,5.703125E-5,5.7421875000000005E-5,5.78125E-5,5.8203125E-5,5.8593750000000005E-5,5.8984375E-5,5.9375E-5,5.9765625000000004E-5,6.015625E-5,6.0546875E-5,6.0937500000000004E-5,6.1328125000000008E-5,6.171875E-5,6.2109375E-5,6.25E-5,6.2890625E-5,6.328125E-5,6.3671875000000008E-5,6.40625E-5,6.4453125E-5,6.484375E-5,6.5234375E-5,6.5625000000000009E-5,6.6015625000000007E-5,6.640625E-5,6.6796875E-5,6.71875E-5,6.7578125E-5,6.7968750000000009E-5,6.8359375E-5,6.875E-5,6.9140625E-5,6.953125E-5,6.9921875E-5,7.0312500000000008E-5,7.0703125E-5,7.109375E-5,7.1484375E-5,7.1875E-5,7.226562500000001E-5,7.2656250000000008E-5,7.3046875E-5,7.34375E-5,7.3828125E-5,7.421875E-5,7.4609375000000009E-5,7.5000000000000007E-5,7.5390625E-5,7.578125E-5,7.6171875E-5,7.65625E-5,7.6953125000000009E-5,7.734375E-5,7.7734375E-5,7.8125E-5,7.8515625E-5,7.890625000000001E-5,7.9296875000000008E-5,7.96875E-5,8.0078125E-5,8.046875E-5,8.0859375E-5,8.125000000000001E-5,8.1640625000000007E-5,8.203125E-5,8.2421875E-5,8.28125E-5,8.3203125E-5,8.3593750000000009E-5,8.3984375000000007E-5,8.4375E-5,8.4765625E-5,8.515625E-5,8.5546875E-5,8.5937500000000009E-5,8.6328125E-5,8.671875E-5,8.7109375E-5,8.75E-5,8.789062500000001E-5,8.8281250000000008E-5,8.8671875E-5,8.90625E-5,8.9453125E-5,8.984375E-5,9.023437500000001E-5,9.0625000000000007E-5,9.1015625E-5,9.140625E-5,9.1796875E-5,9.21875E-5,9.2578125000000009E-5,9.296875E-5,9.3359375E-5,9.375E-5,9.4140625E-5,9.4531250000000011E-5,9.4921875000000008E-5,9.53125E-5,9.5703125E-5,9.609375E-5,9.6484375E-5,9.687500000000001E-5,9.7265625000000008E-5,9.765625E-5,9.8046875E-5,9.84375E-5,9.8828125E-5,9.921875000000001E-5,9.9609375000000007E-5,0.0001],"N":257,"tmin":0,"tmax":null,"dt":1,"dt_auto":null,"m":3,"Nelements":2,"Nother":[],"M":[[1,0,0],[0,1,0],[0,0,1]],"M_unscaled":[[1,0,0],[0,1,0],[0,0,1]],"U_fn":"@(t,x,phi)U","E_fn":"@(t,x,phi)stefan_maxwell.diff_matrix(phi,obj.pressure,obj.particleList)","s_fn":"@(t,x,phi)diag(mass_vector)*nu*Z_mass_frac(phi./sum(phi))","s_fn_J":"@(t,x,phi)mf.Jacobian(@(phi)obj.s_fn(t,x,phi),phi)","phi_BC_west_fn":"@(t)y_west","phi_BC_east_fn":"@(t)y_east","phi_BC_west":[0.039999978029051031,0.95999947269722463,5.4927372419934534E-7],"phi_BC_east":[0.9599873448932702,0.039999472703886263,1.3182402843591705E-5],"phi_IC":[0.039999978029051031,0.95999947269722463,5.4927372419934534E-7,0.043593678680864389,0.95640572269725066,5.9862188482197173E-7,0.047187379332677741,0.95281197269727669,6.4797004544459812E-7,0.0507810799844911,0.94921822269730272,6.9731820606722461E-7,0.054374780636304451,0.94562447269732874,7.466663666898509E-7,0.05796848128811781,0.94203072269735477,7.9601452731247739E-7,0.061562181939931168,0.9384369726973808,8.4536268793510378E-7,0.065155882591744513,0.93484322269740683,8.9471084855773017E-7,0.068749583243557871,0.93124947269743286,9.4405900918035656E-7,0.07234328389537123,0.92765572269745888,9.93407169802983E-7,0.075936984547184588,0.9240619726974848,1.0427553304256094E-6,0.079530685198997947,0.92046822269751083,1.0921034910482357E-6,0.0831243858508113,0.91687447269753686,1.1414516516708622E-6,0.086718086502624664,0.91328072269756289,1.1907998122934887E-6,0.090311787154438009,0.90968697269758891,1.240147972916115E-6,0.093905487806251367,0.90609322269761494,1.2894961335387413E-6,0.097499188458064726,0.902499472697641,1.3388442941613678E-6,0.10109288910987808,0.898905722697667,1.3881924547839943E-6,0.10468658976169144,0.895311972697693,1.4375406154066205E-6,0.10828029041350479,0.891718222697719,1.4868887760292468E-6,0.11187399106531815,0.88812447269774508,1.5362369366518733E-6,0.11546769171713152,0.88453072269777111,1.5855850972744998E-6,0.11906139236894486,0.88093697269779714,1.6349332578971261E-6,0.12265509302075821,0.87734322269782317,1.6842814185197526E-6,0.12624879367257158,0.87374947269784919,1.7336295791423791E-6,0.12984249432438494,0.87015572269787522,1.7829777397650054E-6,0.1334361949761983,0.86656197269790125,1.8323259003876319E-6,0.13702989562801166,0.86296822269792717,1.8816740610102582E-6,0.14062359627982499,0.85937447269795331,1.9310222216328842E-6,0.14421729693163837,0.85578072269797922,1.9803703822555109E-6,0.1478109975834517,0.85218697269800525,2.0297185428781376E-6,0.15140469823526509,0.84859322269803128,2.0790667035007639E-6,0.15499839888707842,0.84499947269805731,2.12841486412339E-6,0.15859209953889175,0.84140572269808334,2.1777630247460165E-6,0.16218580019070514,0.83781197269810936,2.2271111853686428E-6,0.1657795008425185,0.83421822269813539,2.2764593459912695E-6,0.16937320149433185,0.83062447269816142,2.3258075066138962E-6,0.17296690214614521,0.82703072269818745,2.375155667236522E-6,0.17656060279795854,0.82343697269821348,2.4245038278591487E-6,0.1801543034497719,0.8198432226982395,2.473851988481775E-6,0.18374800410158526,0.81624947269826553,2.5232001491044013E-6,0.18734170475339862,0.81265572269829156,2.572548309727028E-6,0.190935405405212,0.80906197269831748,2.6218964703496543E-6,0.19452910605702534,0.80546822269834362,2.6712446309722806E-6,0.19812280670883869,0.80187447269836953,2.7205927915949069E-6,0.20171650736065205,0.79828072269839567,2.7699409522175336E-6,0.20531020801246538,0.79468697269842159,2.81928911284016E-6,0.20890390866427877,0.79109322269844773,2.8686372734627861E-6,0.21249760931609213,0.78749947269847365,2.9179854340854128E-6,0.21609130996790546,0.78390572269849979,2.9673335947080387E-6,0.21968501061971882,0.7803119726985257,3.0166817553306654E-6,0.22327871127153218,0.77671822269855173,3.0660299159532921E-6,0.22687241192334556,0.77312447269857776,3.1153780765759184E-6,0.23046611257515889,0.76953072269860379,3.1647262371985447E-6,0.23405981322697225,0.76593697269862981,3.214074397821171E-6,0.23765351387878561,0.76234322269865584,3.2634225584437977E-6,0.24124721453059894,0.75874947269868187,3.3127707190664235E-6,0.24484091518241233,0.7551557226987079,3.3621188796890502E-6,0.24843461583422569,0.75156197269873393,3.4114670403116769E-6,0.252028316486039,0.74796822269876,3.4608152009343028E-6,0.25562201713785238,0.744374472698786,3.5101633615569295E-6,0.25921571778966573,0.740780722698812,3.5595115221795558E-6,0.26280941844147909,0.737186972698838,3.6088596828021825E-6,0.26640311909329245,0.73359322269886407,3.6582078434248084E-6,0.26999681974510581,0.7299994726988901,3.7075560040474351E-6,0.27359052039691917,0.726405722698916,3.7569041646700618E-6,0.27718422104873253,0.72281197269894215,3.8062523252926876E-6,0.28077792170054588,0.71921822269896807,3.8556004859153148E-6,0.28437162235235924,0.7156244726989941,3.9049486465379406E-6,0.2879653230041726,0.71203072269902012,3.9542968071605673E-6,0.29155902365598596,0.70843697269904626,4.0036449677831932E-6,0.29515272430779932,0.70484322269907218,4.05299312840582E-6,0.29874642495961268,0.70124947269909821,4.1023412890284466E-6,0.302340125611426,0.69765572269912424,4.1516894496510725E-6,0.30593382626323939,0.69406197269915026,4.2010376102736992E-6,0.30952752691505275,0.69046822269917629,4.250385770896325E-6,0.31312122756686606,0.68687447269920232,4.2997339315189517E-6,0.31671492821867941,0.68328072269922835,4.3490820921415784E-6,0.32030862887049277,0.67968697269925427,4.3984302527642051E-6,0.32390232952230619,0.67609322269928041,4.4477784133868318E-6,0.32749603017411949,0.67249947269930632,4.4971265740094569E-6,0.33108973082593285,0.66890572269933246,4.5464747346320836E-6,0.33468343147774621,0.66531197269935838,4.59582289525471E-6,0.33827713212955957,0.66171822269938452,4.645171055877337E-6,0.341870832781373,0.65812447269941043,4.6945192164999637E-6,0.34546453343318628,0.65453072269943657,4.74386737712259E-6,0.34905823408499964,0.65093697269946249,4.7932155377452154E-6,0.352651934736813,0.64734322269948852,4.8425636983678421E-6,0.35624563538862636,0.64374947269951455,4.8919118589904688E-6,0.35983933604043972,0.64015572269954069,4.9412600196130955E-6,0.36343303669225308,0.6365619726995666,4.9906081802357222E-6,0.36702673734406643,0.63296822269959263,5.0399563408583472E-6,0.37062043799587974,0.62937447269961866,5.0893045014809739E-6,0.37421413864769315,0.62578072269964469,5.1386526621036006E-6,0.37780783929950651,0.62218697269967072,5.1880008227262274E-6,0.38140153995131981,0.61859322269969674,5.2373489833488541E-6,0.38499524060313323,0.61499947269972277,5.2866971439714808E-6,0.38858894125494653,0.6114057226997488,5.3360453045941058E-6,0.39218264190675989,0.60781197269977483,5.3853934652167325E-6,0.3957763425585733,0.60421822269980074,5.4347416258393592E-6,0.3993700432103866,0.60062447269982688,5.4840897864619859E-6,0.4029637438622,0.5970307226998528,5.5334379470846126E-6,0.40655744451401332,0.59343697269987894,5.5827861077072393E-6,0.41015114516582668,0.58984322269990486,5.6321342683298643E-6,0.41374484581764009,0.58624947269993088,5.681482428952491E-6,0.4173385464694534,0.58265572269995691,5.7308305895751177E-6,0.42093224712126676,0.579061972699983,5.7801787501977444E-6,0.42452594777308011,0.575468222700009,5.8295269108203711E-6,0.42811964842489347,0.571874472700035,5.8788750714429962E-6,0.43171334907670683,0.568280722700061,5.9282232320656229E-6,0.43530704972852019,0.564686972700087,5.9775713926882496E-6,0.43890075038033355,0.56109322270011308,6.0269195533108763E-6,0.44249445103214685,0.55749947270013911,6.0762677139335013E-6,0.44608815168396027,0.55390572270016514,6.12561587455613E-6,0.44968185233577362,0.55031197270019117,6.1749640351787547E-6,0.45327555298758693,0.54671822270021719,6.2243121958013814E-6,0.45686925363940034,0.54312447270024311,6.2736603564240081E-6,0.46046295429121364,0.53953072270026925,6.3230085170466348E-6,0.464056654943027,0.53593697270029528,6.37235667766926E-6,0.46765035559484042,0.53234322270032131,6.4217048382918865E-6,0.47124405624665372,0.52874947270034722,6.4710529989145132E-6,0.47483775689846713,0.52515572270037325,6.52040115953714E-6,0.47843145755028044,0.52156197270039928,6.5697493201597667E-6,0.4820251582020938,0.51796822270042542,6.6190974807823934E-6,0.48561885885390721,0.51437447270045134,6.66844564140502E-6,0.48921255950572051,0.51078072270047736,6.7177938020276451E-6,0.49280626015753387,0.50718697270050339,6.7671419626502718E-6,0.49639996080934723,0.50359322270052942,6.8164901232728985E-6,0.49999366146116059,0.49999947270055545,6.8658382838955252E-6,0.503587362112974,0.49640572270058148,6.91518644451815E-6,0.50718106276478725,0.4928119727006075,6.9645346051407786E-6,0.51077476341660066,0.48921822270063353,7.0138827657634036E-6,0.514368464068414,0.48562447270065956,7.06323092638603E-6,0.51796216472022738,0.48203072270068553,7.112579087008657E-6,0.52155586537204068,0.47843697270071162,7.1619272476312837E-6,0.5251495660238541,0.47484322270073764,7.2112754082539088E-6,0.52874326667566751,0.47124947270076362,7.2606235688765355E-6,0.5323369673274807,0.46765572270078964,7.3099717294991622E-6,0.53593066797929412,0.46406197270081562,7.3593198901217889E-6,0.53952436863110753,0.4604682227008417,7.4086680507444156E-6,0.543118069282921,0.45687447270086778,7.4580162113670423E-6,0.54671176993473414,0.4532807227008937,7.507364371989669E-6,0.55030547058654755,0.44968697270091973,7.556712532612294E-6,0.553899171238361,0.44609322270094576,7.6060606932349207E-6,0.55749287189017438,0.44249947270097179,7.6554088538575474E-6,0.56108657254198757,0.43890572270099781,7.7047570144801741E-6,0.564680273193801,0.43531197270102384,7.7541051751027991E-6,0.5682739738456144,0.43171822270104987,7.8034533357254275E-6,0.57186767449742781,0.4281244727010759,7.8528014963480525E-6,0.575461375149241,0.42453072270110193,7.90214965697068E-6,0.57905507580105442,0.42093697270112795,7.951497817593306E-6,0.58264877645286783,0.417343222701154,8.0008459782159327E-6,0.586242477104681,0.41374947270118,8.0501941388385577E-6,0.58983617775649444,0.41015572270120604,8.0995422994611844E-6,0.59342987840830785,0.40656197270123207,8.1488904600838111E-6,0.59702357906012127,0.40296822270125809,8.1982386207064378E-6,0.60061727971193446,0.399374472701284,8.2475867813290645E-6,0.60421098036374787,0.39578072270131015,8.29693494195169E-6,0.60780468101556129,0.39218697270133607,8.3462831025743179E-6,0.6113983816673747,0.3885932227013621,8.3956312631969446E-6,0.61499208231918789,0.38499947270138812,8.44497942381957E-6,0.61858578297100153,0.38140572270141404,8.494327584442198E-6,0.62217948362281472,0.37781197270144029,8.5436757450648214E-6,0.62577318427462814,0.37421822270146621,8.59302390568745E-6,0.62936688492644133,0.37062447270149224,8.6423720663100765E-6,0.63296058557825474,0.36703072270151826,8.6917202269327015E-6,0.63655428623006816,0.36343697270154429,8.7410683875553282E-6,0.64014798688188135,0.35984322270157032,8.7904165481779549E-6,0.643741687533695,0.35624947270159624,8.8397647088005816E-6,0.64733538818550818,0.35265572270162249,8.8891128694232066E-6,0.65092908883732159,0.3490619727016484,8.938461030045835E-6,0.65452278948913478,0.34546822270167443,8.98780919066846E-6,0.6581164901409482,0.34187447270170046,9.0371573512910867E-6,0.66171019079276161,0.33828072270172638,9.0865055119137151E-6,0.6653038914445748,0.33468697270175252,9.1358536725363384E-6,0.66889759209638844,0.33109322270177843,9.1852018331589668E-6,0.67249129274820163,0.32749947270180446,9.2345499937815919E-6,0.676084993400015,0.3239057227018306,9.2838981544042186E-6,0.67967869405182846,0.32031197270185663,9.3332463150268453E-6,0.68327239470364165,0.31671822270188266,9.38259447564947E-6,0.68686609535545506,0.31312447270190857,9.4319426362720987E-6,0.69045979600726848,0.3095307227019346,9.4812907968947254E-6,0.69405349665908189,0.30593697270196063,9.53063895751735E-6,0.69764719731089508,0.30234322270198666,9.5799871181399771E-6,0.7012408979627085,0.29874947270201269,9.6293352787626038E-6,0.70483459861452191,0.2951557227020386,9.67868343938523E-6,0.70842829926633533,0.29156197270206474,9.7280316000078572E-6,0.71202199991814852,0.28796822270209077,9.7773797606304839E-6,0.71561570056996193,0.2843744727021168,9.8267279212531089E-6,0.71920940122177535,0.28078072270214283,9.8760760818757356E-6,0.72280310187358876,0.27718697270216874,9.925424242498364E-6,0.726396802525402,0.27359322270219488,9.9747724031209874E-6,0.72999050317721537,0.2699994727022208,1.0024120563743616E-5,0.73358420382902878,0.26640572270224683,1.0073468724366241E-5,0.737177904480842,0.26281197270227297,1.0122816884988867E-5,0.74077160513265539,0.259218222702299,1.0172165045611494E-5,0.7443653057844688,0.255624472702325,1.0221513206234119E-5,0.74795900643628221,0.25203072270235094,1.0270861366856748E-5,0.75155270708809563,0.24843697270237697,1.0320209527479374E-5,0.75514640773990882,0.244843222702403,1.0369557688102E-5,0.75874010839172223,0.24124947270242902,1.0418905848724626E-5,0.76233380904353543,0.23765572270245505,1.0468254009347253E-5,0.76592750969534906,0.23406197270248097,1.0517602169969879E-5,0.76952121034716225,0.23046822270250711,1.0566950330592506E-5,0.77311491099897567,0.22687447270253314,1.0616298491215133E-5,0.77670861165078908,0.22328072270255916,1.0665646651837758E-5,0.78030231230260227,0.21968697270258519,1.0714994812460385E-5,0.78389601295441569,0.21609322270261111,1.0764342973083011E-5,0.7874897136062291,0.21249947270263725,1.0813691133705636E-5,0.79108341425804252,0.20890572270266317,1.0863039294328265E-5,0.79467711490985571,0.20531197270268919,1.091238745495089E-5,0.79827081556166912,0.20171822270271533,1.0961735615573516E-5,0.80186451621348254,0.19812447270274136,1.1011083776196143E-5,0.80545821686529573,0.19453072270276739,1.1060431936818768E-5,0.80905191751710914,0.19093697270279331,1.1109780097441397E-5,0.81264561816892256,0.18734322270281933,1.1159128258064023E-5,0.816239318820736,0.18374947270284536,1.1208476418686648E-5,0.81983301947254916,0.18015572270287139,1.1257824579309275E-5,0.82342672012436258,0.17656197270289753,1.1307172739931902E-5,0.827020420776176,0.17296822270292345,1.1356520900554528E-5,0.8306141214279894,0.16937447270294947,1.1405869061177155E-5,0.83420782207980282,0.1657807227029755,1.1455217221799782E-5,0.837801522731616,0.16218697270300153,1.1504565382422407E-5,0.84139522338342942,0.15859322270302756,1.1553913543045033E-5,0.84498892403524262,0.15499947270305359,1.1603261703667659E-5,0.848582624687056,0.15140572270307961,1.1652609864290285E-5,0.85217632533886944,0.14781197270310553,1.1701958024912914E-5,0.85577002599068286,0.14421822270313167,1.1751306185535539E-5,0.85936372664249627,0.1406244727031577,1.1800654346158165E-5,0.86295742729430946,0.13703072270318373,1.1850002506780792E-5,0.86655112794612288,0.13343697270320976,1.1899350667403417E-5,0.87014482859793629,0.12984322270323567,1.1948698828026045E-5,0.87373852924974971,0.1262494727032617,1.1998046988648672E-5,0.8773322299015629,0.12265572270328773,1.2047395149271297E-5,0.88092593055337631,0.11906197270331376,1.2096743309893924E-5,0.88451963120518973,0.1154682227033399,1.2146091470516551E-5,0.88811333185700314,0.11187447270336581,1.2195439631139177E-5,0.89170703250881633,0.10828072270339184,1.2244787791761804E-5,0.89530073316062975,0.10468697270341787,1.2294135952384429E-5,0.89889443381244316,0.1010932227034439,1.2343484113007056E-5,0.90248813446425635,0.097499472703469925,1.2392832273629682E-5,0.90608183511606977,0.093905722703495953,1.2442180434252307E-5,0.90967553576788318,0.09031197270352187,1.2491528594874936E-5,0.9132692364196966,0.0867182227035479,1.2540876755497563E-5,0.91686293707150979,0.083124472703574037,1.2590224916120188E-5,0.9204566377233232,0.079530722703600065,1.2639573076742814E-5,0.92405033837513662,0.0759369727036261,1.2688921237365441E-5,0.92764403902694981,0.072343222703652121,1.2738269397988066E-5,0.93123773967876344,0.068749472703678038,1.2787617558610694E-5,0.93483144033057664,0.065155722703704066,1.2836965719233321E-5,0.93842514098239,0.061561972703730095,1.2886313879855946E-5,0.94201884163420346,0.057968222703756123,1.2935662040478573E-5,0.94561254228601666,0.054374472703782262,1.2985010201101198E-5,0.94920624293783007,0.05078072270380829,1.3034358361723825E-5,0.95279994358964348,0.047186972703834207,1.3083706522346453E-5,0.9563936442414569,0.043593222703860235,1.3133054682969078E-5,0.95998734489327009,0.039999472703886263,1.3182402843591705E-5],"tol_eta":1E-12,"tol_xi":1E-12,"tol_phi":1E-7,"max_iter_phi":250,"max_iter_eta":1,"max_iter_xi":1,"max_iter_inner":1,"theta":1,"urf_phi":1,"urf_eta":1,"urf_xi":1,"elements":{"quantity":[[1,0,-1],[1,1,0]],"description":["Charge conservation","Argon Conservation"]},"labels":["Ar^+","Ar","e^-"],"transformed_labels":["Ar^+","Ar","e^-"],"transformed_labels_unscaled":["Ar^+","Ar","e^-"],"particleList":[{"charge":1,"polarizability":[8.0049381144977216E-31,6.0957543978759442E-51,9.5923498179641491E-71],"radius":1.75E-10,"mass":6.6337624795239183E-26,"molecule":0,"N":[7,10],"dependent":0,"coll_int":0,"dep_species":["Ar","e[-]"],"levels":[6,0],"energy":3.2044E-18,"spin_mult":2,"label":"Ar[+1]","temperature":300},{"charge":0,"polarizability":[1.4462827841076963E-30,1.5270507953834903E-50,3.5266846393120763E-70],"radius":1.75E-10,"mass":6.6338535733595182E-26,"molecule":0,"N":[8,10],"dependent":1,"coll_int":1,"levels":[1,0],"energy":0,"spin_mult":1,"label":"Ar","temperature":300},{"charge":-1,"polarizability":0,"radius":2.8179403240562681E-15,"mass":9.10938356E-31,"molecule":0,"N":[0,0],"dependent":0,"coll_int":0,"levels":[],"energy":0,"spin_mult":2,"label":"e[-1]","temperature":7500}],"pressure":1000,"T_i":300,"T_e":7500,"known_transformed":[],"phi":{"solve_time":0.0052158832550048828,"cond_unscaled":2.0950302367053122E+21,"cond_scaled":234229.72614912095,"residual":7.45175118228103E-11,"error":2.4923771118442181E-8,"final_residual":2.4923771118442181E-8,"final_update_size":1.6526744206109648E-9,"iterations":13},"phi_transformed":[[0.039999978029051031,0.95999947269722463,5.4927372419934534E-7],[0.054813304245532421,0.94518594306636,7.5268810739706465E-7],[0.067892821490249111,0.93210624621566729,9.3229408474320384E-7],[0.079780337786200917,0.9202185666821191,1.0955316830891428E-6],[0.090783198290296407,0.90921555508838836,1.2466213202268705E-6],[0.10109563899457093,0.89890297277522013,1.3882302157893605E-6],[0.1108496609800431,0.88914881684897684,1.5221709889064779E-6],[0.12013979908857829,0.87985855116965472,1.6497417779077126E-6],[0.12903649854755786,0.8709617295425286,1.7719099261341981E-6],[0.13759391503500079,0.86240419554592307,1.889419091268386E-6],[0.14585474063598855,0.8541432565085143,2.0028555146463062E-6],[0.15385333421197606,0.84614455309703618,2.1126910070218935E-6],[0.1616178319142843,0.83837994877380617,2.2193119298229993E-6],[0.16917161667954983,0.83082606028109829,2.32303937404309E-6],[0.17653436969488115,0.82346320616154367,2.4241435988041512E-6],[0.18372284057159943,0.81627463657381827,2.522854607267281E-6],[0.19075142305948165,0.80924595757049222,2.619370052254605E-6],[0.19763259313198156,0.80236469300679358,2.7138612519703454E-6],[0.20437724763113779,0.7956199458910499,2.8064778402218792E-6],[0.21099496973720736,0.78900213291140964,2.8973514118091308E-6],[0.2174942397039985,0.78250277369761523,2.986598416310904E-6],[0.22388260404862995,0.77611432162891947,3.0743224813731986E-6],[0.23016681278599513,0.76983002659773914,3.1606162971925306E-6],[0.23635293178713282,0.76364382264974084,3.2455631594039455E-6],[0.24244643555895617,0.75755023520283549,3.3292382431186644E-6],[0.2484522844592445,0.75154430383112758,3.4117096632290109E-6],[0.25437498942320591,0.74562151753746686,3.4930393632234621E-6],[0.26021866658427417,0.73977776013189733,3.57328386523159E-6],[0.26598708365260826,0.73400926385252285,3.6524949068865645E-6],[0.27168369952183785,0.72831256975821579,3.7307199851991346E-6],[0.27731169827430585,0.72268449372290933,3.8080028235124227E-6],[0.28287401852332544,0.71712209709293917,3.8843837744256512E-6],[0.2883733788506827,0.71162266124918794,3.95990016909782E-6],[0.293812299956045,0.70618366545737332,4.0345866214002925E-6],[0.2991931240231237,0.70080276750162207,4.1084752938499829E-6],[0.30451803171829089,0.69547778668561755,4.1815961310318683E-6],[0.30978905716594668,0.69020668885702741,4.2539770652383462E-6],[0.31500810118727407,0.68498757316856673,4.3256441982620679E-6],[0.32017694304225919,0.67981866033581717,4.3966219626353766E-6],[0.32529725087664135,0.67469828219013239,4.46693326508642E-6],[0.33037059104413469,0.66962487235628976,4.5365996145505185E-6],[0.33539843644840489,0.66459695791039719,4.6056412367207171E-6],[0.34038217402783305,0.65961315189502834,4.6740771768278731E-6],[0.34532311148831107,0.65467214658633521,4.7419253920938462E-6],[0.35022248337429995,0.64977270742290316,4.8092028350988926E-6],[0.35508145655595352,0.64491366751855528,4.8759255291296765E-6],[0.359901135199453,0.64009392269194854,4.94210863643124E-6],[0.36468256527879883,0.63531242695471835,5.0077665201623375E-6],[0.3694267386797036,0.63056818840753326,5.0729128007495E-6],[0.37413459693974838,0.62586026549988161,5.1375604072461281E-6],[0.37880703466340815,0.62118776361500461,5.2017216242272591E-6],[0.38344490264583281,0.6165498319460696,5.2654081346848385E-6],[0.38804901073515141,0.61194566063382627,5.3286310593324175E-6],[0.3926201304595488,0.60737447813949619,5.3914009926797922E-6],[0.39715899744230038,0.60283554882970147,5.4537280361959116E-6],[0.40166631362530697,0.59832817075290279,5.5156218288421288E-6],[0.40614274931935379,0.59385167358911028,5.5770915752260282E-6],[0.41058894509730154,0.58940541675666658,5.638146071598451E-6],[0.415005513544669,0.58498878766164086,5.6987937298922645E-6],[0.41939304088050516,0.58060120007693439,5.7590425999798929E-6],[0.42375208846010087,0.57624209263954873,5.8189003903083609E-6],[0.42808319416989427,0.571910927455659,5.8783744870538872E-6],[0.43238687372386686,0.56760718880420125,5.9374719719238508E-6],[0.436663621869798,0.56333038193060347,5.9961996387208674E-6],[0.44091391351290954,0.55908003192312261,6.0545640087725079E-6],[0.44513820476371524,0.554855682664981,6.11257134532023E-6],[0.44933693391622287,0.55065689585615218,6.1702276669518889E-6],[0.45351052236205808,0.54648325009922394,6.22753876015436E-6],[0.45765937544556851,0.54233434004428283,6.2845101910556695E-6],[0.46178388326448955,0.53820977558823691,6.3411473164196551E-6],[0.46588442142035175,0.53410918112439754,6.39745529395045E-6],[0.46996135172242481,0.5300321948385267,6.453439091958901E-6],[0.47401502284866476,0.52597846804788029,6.5091034984386308E-6],[0.47804577096683143,0.52194766458008268,6.5644531295951043E-6],[0.4820539203186644,0.51793946018894088,6.6194924378674781E-6],[0.48603978376977114,0.5139535420045529,6.6742257194795149E-6],[0.49000366332764533,0.50998960801527726,6.7286571215530416E-6],[0.4939458506300517,0.50604736657934335,6.782790648814271E-6],[0.49786662740581467,0.502126535964059,6.8366301699213545E-6],[0.50176626590989393,0.4982268439107263,6.8901794234387268E-6],[0.50564502933447741,0.49434802722354265,6.9434420234821972E-6],[0.5095031721976877,0.49048983138089119,6.9964214650566333E-6],[0.51334094071137015,0.4866520101675455,7.0491211291062966E-6],[0.517158573129324,0.48283432532643406,7.1015442872968087E-6],[0.52095630007723037,0.47903654622870956,7.1536941065455513E-6],[0.52473434486543735,0.47525844956095675,7.2055736533168879E-6],[0.5284929237856788,0.47149981902847204,7.2571858976966055E-6],[0.53223224639272393,0.46776044507360792,7.3085337172594994E-6],[0.53595251577187986,0.46404012460826943,7.3596199007426425E-6],[0.53965392879320573,0.46033866075969404,7.4104471515363055E-6],[0.54333667635323724,0.456655862628724,7.4610180910032118E-6],[0.547000943604962,0.45299154505982975,7.5113352616365269E-6],[0.55064691017673439,0.44934552842218933,7.5614011300659938E-6],[0.55427475038077445,0.44571763840119022,7.6112180899209712E-6],[0.55788463341184769,0.44210770579974218,7.660788464558747E-6],[0.561476723536689,0.4385155663488563,7.7101145096655461E-6],[0.56505118027468348,0.43494106052695575,7.7591984157377564E-6],[0.568608158570302,0.431384033387442,7.8080423104497135E-6],[0.572147808957739,0.42784433439405478,7.8566482609144691E-6],[0.57567027771818147,0.42432181726359675,7.9050182758434763E-6],[0.57917570703010968,0.42081633981563643,7.953154307610365E-6],[0.58266423511299792,0.41732776382880121,8.0010582542243086E-6],[0.58613599636477187,0.41385595490332033,8.0487319612175552E-6],[0.58959112149334525,0.41040078232948424,8.0961772234516648E-6],[0.59302973764254907,0.40696211896171691,8.1433957868467217E-6],[0.596451968512739,0.40353984109796459,8.1903893500375279E-6],[0.59985793447635238,0.40013382836413558,8.23715956596044E-6],[0.6032477526886767,0.39674396360333425,8.2837080433743568E-6],[0.60662153719406253,0.39337013276964433,8.3300363483192721E-6],[0.60997939902780907,0.39001222482624059,8.3761460055153366E-6],[0.61332144631394214,0.38667013164761338,8.4220384997055141E-6],[0.616647784359075,0.38334374792570336,8.4677152769445E-6],[0.61995851574254945,0.38003297107976025,8.51317774583648E-6],[0.62325374040303239,0.37673770116974381,8.55842727872431E-6],[0.62653355572173819,0.37345784081310263,8.6034652128322974E-6],[0.62979805660243426,0.37019329510476706,8.6482928513647733E-6],[0.63304733554838,0.36694397154020708,8.69291146456269E-6],[0.636281482736346,0.363709779941414,8.7373222907199953E-6],[0.63950058608783933,0.36049063238567253,8.78152653716171E-6],[0.64270473133767347,0.35728644313699254,8.8255253811854791E-6],[0.645894002099992,0.3540971285800828,8.8693199709682232E-6],[0.64906847993186689,0.35092260715675039,8.91291142643948E-6],[0.65222824439457883,0.34776279930462273,8.9563008401228653E-6],[0.65537337311267874,0.344617627398083,8.9994892779471217E-6],[0.65850394183093175,0.34148701569132717,9.0424777800280356E-6],[0.66162002446923174,0.3383708902634448,9.0852673614225828E-6],[0.66472169317557739,0.33526917896544645,9.127859012856282E-6],[0.6678090183771922,0.33218181136914249,9.1702537014252518E-6],[0.6708820688298619,0.329108718717802,9.21245237127368E-6],[0.67394091166557446,0.32604983387851566,9.254455944247987E-6],[0.67698561243852251,0.32300509129618976,9.296265320528589E-6],[0.68001623516954657,0.31997442694910522,9.3378813792400782E-6],[0.68303284238907436,0.31695777830597566,9.3793049790409613E-6],[0.68603549517862261,0.31395508428444607,9.4205369586935051E-6],[0.6890242532109192,0.31096628521096786,9.461578137614674E-6],[0.69199917478870254,0.30799132278200347,9.5024293164089931E-6],[0.69496031688224358,0.30503014002649909,9.5430912773836887E-6],[0.69790773516565263,0.30208268126958049,9.5835647850473158E-6],[0.7008414840520093,0.2991488920974204,9.6238505865921942E-6],[0.70376161672736759,0.29622871932323419,9.6639494123612477E-6],[0.7066681851836768,0.29332211095435889,9.7038619763001619E-6],[0.7095612402506597,0.29042901616037387,9.7435889763951222E-6],[0.712440831626691,0.28754938524222179,9.7831310950967576E-6],[0.71530700790871082,0.28468316960229567,9.8224889997310089E-6],[0.71815981662121131,0.28183032171545119,9.8616633428970936E-6],[0.72099930424432968,0.27899079510091129,9.9006547628533314E-6],[0.72382551624108649,0.27616454429503134,9.9394638838911191E-6],[0.726638497083791,0.27335152482489156,9.9780913166975677E-6],[0.72943829027965512,0.27055169318268418,1.0016537658707193E-5],[0.73222493839563074,0.26776500680087062,1.0054803494443042E-5],[0.73499848308251936,0.26499142402807824,1.0092889395847705E-5],[0.73775896509835837,0.26223090410571043,1.0130795922604467E-5],[0.7405064243311239,0.25948340714524343,1.016852362244904E-5],[0.74324089982077013,0.25674889410618729,1.0206073031472234E-5],[0.74596242978062677,0.25402732677468731,1.0243444674413809E-5],[0.748671051618181,0.25131866774274114,1.0280639064947796E-5],[0.751366801955266,0.24862288038801425,1.0317656705959711E-5],[0.75404971664766651,0.24593992885422805,1.0354498089815859E-5],[0.75671983080417915,0.2432697780321055,1.0391163698624986E-5],[0.75937717880512545,0.24061239354085129,1.042765400449255E-5],[0.76202179432035722,0.23796774171015198,1.0463969469767905E-5],[0.76465371032675411,0.23533578956267545,1.0500110547284642E-5],[0.76727295912523918,0.23271650479705533,1.0536077680594206E-5],[0.7698795723573274,0.23010985577134124,1.0571871304193172E-5],[0.772473581021223,0.22751581148690395,1.0607491843744215E-5],[0.77505501548747768,0.22493434157277531,1.0642939716291255E-5],[0.777623905514225,0.22236541627041245,1.0678215330468517E-5],[0.78018028026200892,0.21980900641887066,1.0713319086704239E-5],[0.78272416830821445,0.21726508344037315,1.0748251377418805E-5],[0.78525559766111419,0.21473361932626198,1.0783012587217638E-5],[0.78777459577354625,0.21221458662332221,1.081760309307902E-5],[0.7902811895562315,0.20970795842046344,1.0852023264536936E-5],[0.79277540539074409,0.20721370833575031,1.088627346385921E-5],[0.79525726914214179,0.20473181050376854,1.0920354046220971E-5],[0.79772680617127645,0.20226223956331887,1.095426535987364E-5],[0.80018404134678167,0.19980497064542618,1.0988007746309593E-5],[0.80262899905675744,0.19735997936165497,1.1021581540422561E-5],[0.80506170322015846,0.19492724179272269,1.105498707066405E-5],[0.80748217729789229,0.19250673447739947,1.1088224659195745E-5],[0.80989044430363888,0.19009843440168939,1.1121294622038088E-5],[0.81228652681440117,0.18770231898827966,1.1154197269215074E-5],[0.814670446980789,0.18531836608625493,1.1186932904895589E-5],[0.81704222653705472,0.18294655396106516,1.1219501827531141E-5],[0.81940188681087611,0.18058686128474125,1.125190432999019E-5],[0.82174944873289835,0.17823926712635024,1.1284140699689252E-5],[0.82408493284604767,0.1759037509426829,1.1316211218720707E-5],[0.82640835931461631,0.17358029256916924,1.134811616397768E-5],[0.828719747933131,0.17126887221101117,1.137985580727555E-5],[0.83101911813500229,0.16896947043453153,1.1411430415471064E-5],[0.83330648900097271,0.16668206815872627,1.144284025057809E-5],[0.83558187926735861,0.16440664664702123,1.1474085569880955E-5],[0.8378453073341019,0.16214318749922244,1.1505166626045073E-5],[0.84009679127262693,0.15989167264365683,1.1536083667224178E-5],[0.84233634883351649,0.15765208432949823,1.1566836937166868E-5],[0.84456399745400612,0.15542440511927211,1.1597426675318513E-5],[0.84677975426530327,0.15320861788153436,1.1627853116922484E-5],[0.84898363609974148,0.15100470578372122,1.1658116493117794E-5],[0.85117565949776353,0.14881265228516266,1.1688217031035308E-5],[0.85335584071474779,0.14663244113025742,1.1718154953891561E-5],[0.8555241957276768,0.14446405634180295,1.174793048107992E-5],[0.85768074024165553,0.14230748221447842,1.1777543828260532E-5],[0.859825489696281,0.14016270330847461,1.1806995207447864E-5],[0.86195845927186876,0.1380297044432684,1.1836284827095631E-5],[0.864079663895536,0.13590847069153675,1.1865412892180729E-5],[0.866189118247155,0.13379898737320711,1.18943796042849E-5],[0.86828683676516427,0.13170124004964018,1.1923185161674607E-5],[0.87037283365226414,0.12961521451794272,1.1951829759379549E-5],[0.8724471228809717,0.12754089680540567,1.19803135892679E-5],[0.87450971819906231,0.12547827316406474,1.2008636840122115E-5],[0.87656063313489008,0.12342733006538048,1.2036799697711652E-5],[0.87859988100258846,0.12138805419503527,1.2064802344864215E-5],[0.88062747490716486,0.11936043244784258,1.2092644961535724E-5],[0.88264342774947657,0.11734445192276784,1.2120327724878813E-5],[0.8846477522311037,0.1153400999180564,1.2147850809309767E-5],[0.88664046085911641,0.11334736392646649,1.2175214386573692E-5],[0.88862156595073971,0.11136623163060473,1.2202418625808929E-5],[0.89059107963791417,0.10939669089836145,1.2229463693609518E-5],[0.89254901387177144,0.1074387297784429,1.2256349754086591E-5],[0.89449538042699961,0.10549233649599865,1.2283076968928375E-5],[0.89643019090612563,0.10355749944834219,1.2309645497459056E-5],[0.89835345674370659,0.10163420720076083,1.2336055496696184E-5],[0.90026518921042686,0.0997224484824143,1.2362307121407281E-5],[0.90216539941711715,0.0978222121823193,1.2388400524164623E-5],[0.90405409831868466,0.095933487345417817,1.2414335855399334E-5],[0.90593129671796613,0.094056263168727561,1.2440113263454125E-5],[0.90779700526948937,0.092190528997572324,1.2465732894635485E-5],[0.90965123448317209,0.09033627432189005,1.2491194893264129E-5],[0.91149399472793646,0.088493488772617812,1.2516499401724427E-5],[0.91332529623524517,0.086662162118150587,1.2541646560513405E-5],[0.91514514910257483,0.084842284260873091,1.2566636508288069E-5],[0.91695356329681066,0.083033845233762421,1.2591469381912214E-5],[0.9187505486575771,0.081236835197060112,1.2616145316502086E-5],[0.92053611490049525,0.079451244435011933,1.2640664445471126E-5],[0.92231027162037638,0.077677063352674117,1.2665026900573787E-5],[0.92407302829435456,0.075914282472784089,1.2689232811948759E-5],[0.92582439428494767,0.074162892432694055,1.2713282308160745E-5],[0.92756437884306631,0.0724228839813672,1.2737175516241727E-5],[0.92929299111095331,0.0706942479764335,1.2760912561731864E-5],[0.93101024012507438,0.068976975381305039,1.2784493568718412E-5],[0.93271613481893911,0.0672710572623491,1.2807918659874992E-5],[0.93441068402587457,0.065576484786117328,1.283118795649955E-5],[0.93609389648174091,0.063893249216630518,1.2854301578551387E-5],[0.93776578082759,0.062221341912717068,1.2877259644688395E-5],[0.93942634561227745,0.060560754325404594,1.2900062272302222E-5],[0.94107559929501683,0.058911477995362845,1.2922709577553383E-5],[0.94271355024788894,0.057273504550397425,1.2945201675406109E-5],[0.94434020675829367,0.055646825702992904,1.2967538679661737E-5],[0.94595557703136424,0.054031433247904249,1.2989720702991781E-5],[0.94755966919232337,0.052427319059795779,1.3011747856970802E-5],[0.94915249128880208,0.050834475090926333,1.3033620252107642E-5],[0.95073405129310684,0.049252893368879891,1.3055337997876784E-5],[0.95230435710444539,0.047682565994340571,1.3076901202748872E-5],[0.95386341655110685,0.046123485138911187,1.3098309974220971E-5],[0.95541123739260314,0.044575643042974337,1.3119564418845474E-5],[0.95694782732176065,0.043039032013595276,1.314066464225905E-5],[0.95847319396678443,0.041513644422465454,1.3161610749211354E-5],[0.9599873448932702,0.039999472703886263,1.3182402843591705E-5]],"phi_untransformed":[[0.039999978029051031,0.95999947269722463,5.4927372419934534E-7],[0.054813304245532421,0.94518594306636,7.5268810739706465E-7],[0.067892821490249111,0.93210624621566729,9.3229408474320384E-7],[0.079780337786200917,0.9202185666821191,1.0955316830891428E-6],[0.090783198290296407,0.90921555508838836,1.2466213202268705E-6],[0.10109563899457093,0.89890297277522013,1.3882302157893605E-6],[0.1108496609800431,0.88914881684897684,1.5221709889064779E-6],[0.12013979908857829,0.87985855116965472,1.6497417779077126E-6],[0.12903649854755786,0.8709617295425286,1.7719099261341981E-6],[0.13759391503500079,0.86240419554592307,1.889419091268386E-6],[0.14585474063598855,0.8541432565085143,2.0028555146463062E-6],[0.15385333421197606,0.84614455309703618,2.1126910070218935E-6],[0.1616178319142843,0.83837994877380617,2.2193119298229993E-6],[0.16917161667954983,0.83082606028109829,2.32303937404309E-6],[0.17653436969488115,0.82346320616154367,2.4241435988041512E-6],[0.18372284057159943,0.81627463657381827,2.522854607267281E-6],[0.19075142305948165,0.80924595757049222,2.619370052254605E-6],[0.19763259313198156,0.80236469300679358,2.7138612519703454E-6],[0.20437724763113779,0.7956199458910499,2.8064778402218792E-6],[0.21099496973720736,0.78900213291140964,2.8973514118091308E-6],[0.2174942397039985,0.78250277369761523,2.986598416310904E-6],[0.22388260404862995,0.77611432162891947,3.0743224813731986E-6],[0.23016681278599513,0.76983002659773914,3.1606162971925306E-6],[0.23635293178713282,0.76364382264974084,3.2455631594039455E-6],[0.24244643555895617,0.75755023520283549,3.3292382431186644E-6],[0.2484522844592445,0.75154430383112758,3.4117096632290109E-6],[0.25437498942320591,0.74562151753746686,3.4930393632234621E-6],[0.26021866658427417,0.73977776013189733,3.57328386523159E-6],[0.26598708365260826,0.73400926385252285,3.6524949068865645E-6],[0.27168369