{"xmin":0,"xmax":0.0001,"dx":1.5625E-6,"x":[0,1.5625E-6,3.125E-6,4.6875000000000004E-6,6.25E-6,7.8125E-6,9.3750000000000009E-6,1.09375E-5,1.25E-5,1.4062500000000001E-5,1.5625E-5,1.71875E-5,1.8750000000000002E-5,2.0312500000000002E-5,2.1875E-5,2.34375E-5,2.5E-5,2.6562500000000002E-5,2.8125000000000003E-5,2.96875E-5,3.125E-5,3.2812500000000005E-5,3.4375E-5,3.59375E-5,3.7500000000000003E-5,3.90625E-5,4.0625000000000005E-5,4.21875E-5,4.375E-5,4.5312500000000004E-5,4.6875E-5,4.8437500000000005E-5,5E-5,5.15625E-5,5.3125000000000004E-5,5.46875E-5,5.6250000000000005E-5,5.78125E-5,5.9375E-5,6.0937500000000004E-5,6.25E-5,6.40625E-5,6.5625000000000009E-5,6.71875E-5,6.875E-5,7.0312500000000008E-5,7.1875E-5,7.34375E-5,7.5000000000000007E-5,7.65625E-5,7.8125E-5,7.96875E-5,8.125000000000001E-5,8.28125E-5,8.4375E-5,8.5937500000000009E-5,8.75E-5,8.90625E-5,9.0625000000000007E-5,9.21875E-5,9.375E-5,9.53125E-5,9.687500000000001E-5,9.84375E-5,0.0001],"N":65,"tmin":0,"tmax":null,"dt":1,"dt_auto":null,"m":3,"Nelements":2,"Nother":[],"M":[[1,-0.9999862683379136,72823.39618076109],[0.99999999999999989,1,1],[-1.373185064752838E-5,0,1]],"M_unscaled":[[1,-1,1],[1,1,0],[-1,0,1]],"U_fn":"@(t,x,phi)U","E_fn":"@(t,x,phi)stefan_maxwell.diff_matrix(phi,obj.pressure,obj.particleList)","s_fn":"@(t,x,phi)diag(mass_vector)*nu*Z_mass_frac(phi./sum(phi))","s_fn_J":"@(t,x,phi)mf.Jacobian(@(phi)obj.s_fn(t,x,phi),phi)","phi_BC_west_fn":"@(t)y_west","phi_BC_east_fn":"@(t)y_east","phi_BC_west":[0.039999978029050975,0.95999947269722463,5.4927372419934619E-7],"phi_BC_east":[0.95998734489327009,0.039999472703886124,1.3182402843591703E-5],"phi_IC":[0.039999978029051031,0.95999947269722463,5.4927372419934534E-7,0.054374780636304451,0.94562447269732874,7.466663666898509E-7,0.068749583243557871,0.93124947269743286,9.4405900918035656E-7,0.0831243858508113,0.91687447269753686,1.1414516516708622E-6,0.097499188458064726,0.902499472697641,1.3388442941613678E-6,0.11187399106531815,0.88812447269774508,1.5362369366518733E-6,0.12624879367257158,0.87374947269784919,1.7336295791423791E-6,0.14062359627982499,0.85937447269795331,1.9310222216328842E-6,0.15499839888707842,0.84499947269805731,2.12841486412339E-6,0.16937320149433185,0.83062447269816142,2.3258075066138962E-6,0.18374800410158526,0.81624947269826553,2.5232001491044013E-6,0.19812280670883869,0.80187447269836953,2.7205927915949069E-6,0.21249760931609213,0.78749947269847365,2.9179854340854128E-6,0.22687241192334556,0.77312447269857776,3.1153780765759184E-6,0.24124721453059894,0.75874947269868187,3.3127707190664235E-6,0.25562201713785238,0.744374472698786,3.5101633615569295E-6,0.26999681974510581,0.7299994726988901,3.7075560040474351E-6,0.28437162235235924,0.7156244726989941,3.9049486465379406E-6,0.29874642495961268,0.70124947269909821,4.1023412890284466E-6,0.31312122756686606,0.68687447269920232,4.2997339315189517E-6,0.32749603017411949,0.67249947269930632,4.4971265740094569E-6,0.341870832781373,0.65812447269941043,4.6945192164999637E-6,0.35624563538862636,0.64374947269951455,4.8919118589904688E-6,0.37062043799587974,0.62937447269961866,5.0893045014809739E-6,0.38499524060313323,0.61499947269972277,5.2866971439714808E-6,0.3993700432103866,0.60062447269982688,5.4840897864619859E-6,0.41374484581764009,0.58624947269993088,5.681482428952491E-6,0.42811964842489347,0.571874472700035,5.8788750714429962E-6,0.44249445103214685,0.55749947270013911,6.0762677139335013E-6,0.45686925363940034,0.54312447270024311,6.2736603564240081E-6,0.47124405624665372,0.52874947270034722,6.4710529989145132E-6,0.48561885885390721,0.51437447270045134,6.66844564140502E-6,0.49999366146116059,0.49999947270055545,6.8658382838955252E-6,0.514368464068414,0.48562447270065956,7.06323092638603E-6,0.52874326667566751,0.47124947270076362,7.2606235688765355E-6,0.543118069282921,0.45687447270086778,7.4580162113670423E-6,0.55749287189017438,0.44249947270097179,7.6554088538575474E-6,0.57186767449742781,0.4281244727010759,7.8528014963480525E-6,0.586242477104681,0.41374947270118,8.0501941388385577E-6,0.60061727971193446,0.399374472701284,8.2475867813290645E-6,0.61499208231918789,0.38499947270138812,8.44497942381957E-6,0.62936688492644133,0.37062447270149224,8.6423720663100765E-6,0.643741687533695,0.35624947270159624,8.8397647088005816E-6,0.6581164901409482,0.34187447270170046,9.0371573512910867E-6,0.67249129274820163,0.32749947270180446,9.2345499937815919E-6,0.68686609535545506,0.31312447270190857,9.4319426362720987E-6,0.7012408979627085,0.29874947270201269,9.6293352787626038E-6,0.71561570056996193,0.2843744727021168,9.8267279212531089E-6,0.72999050317721537,0.2699994727022208,1.0024120563743616E-5,0.7443653057844688,0.255624472702325,1.0221513206234119E-5,0.75874010839172223,0.24124947270242902,1.0418905848724626E-5,0.77311491099897567,0.22687447270253314,1.0616298491215133E-5,0.7874897136062291,0.21249947270263725,1.0813691133705636E-5,0.80186451621348254,0.19812447270274136,1.1011083776196143E-5,0.816239318820736,0.18374947270284536,1.1208476418686648E-5,0.8306141214279894,0.16937447270294947,1.1405869061177155E-5,0.84498892403524262,0.15499947270305359,1.1603261703667659E-5,0.85936372664249627,0.1406244727031577,1.1800654346158165E-5,0.87373852924974971,0.1262494727032617,1.1998046988648672E-5,0.88811333185700314,0.11187447270336581,1.2195439631139177E-5,0.90248813446425635,0.097499472703469925,1.2392832273629682E-5,0.91686293707150979,0.083124472703574037,1.2590224916120188E-5,0.93123773967876344,0.068749472703678038,1.2787617558610694E-5,0.94561254228601666,0.054374472703782262,1.2985010201101198E-5,0.95998734489327009,0.039999472703886263,1.3182402843591705E-5],"tol_eta":1E-12,"tol_xi":1E-12,"tol_phi":1E-7,"max_iter_phi":250,"max_iter_eta":1,"max_iter_xi":1,"max_iter_inner":1,"theta":1,"urf_phi":1,"urf_eta":1,"urf_xi":1,"elements":{"quantity":[[1,0,-1],[1,1,0]],"description":["Charge conservation","Argon Conservation"]},"labels":["Ar^+","Ar","e^-"],"transformed_labels":["Ar^++-0.99999Ar+72823.3962e^-","1Ar^++Ar+e^-","-1.3732e-05Ar^++e^-"],"transformed_labels_unscaled":["Ar^+-Ar+e^-","Ar^++Ar","-Ar^++e^-"],"particleList":[{"charge":1,"polarizability":[8.0049381144977216E-31,6.0957543978759442E-51,9.5923498179641491E-71],"radius":1.75E-10,"mass":6.6337624795239183E-26,"molecule":0,"N":[7,10],"dependent":0,"coll_int":0,"dep_species":["Ar","e[-]"],"levels":[6,0],"energy":3.2044E-18,"spin_mult":2,"label":"Ar[+1]","temperature":300},{"charge":0,"polarizability":[1.4462827841076963E-30,1.5270507953834903E-50,3.5266846393120763E-70],"radius":1.75E-10,"mass":6.6338535733595182E-26,"molecule":0,"N":[8,10],"dependent":1,"coll_int":1,"levels":[1,0],"energy":0,"spin_mult":1,"label":"Ar","temperature":300},{"charge":-1,"polarizability":0,"radius":2.8179403240562681E-15,"mass":9.10938356E-31,"molecule":0,"N":[0,0],"dependent":0,"coll_int":0,"levels":[],"energy":0,"spin_mult":2,"label":"e[-1]","temperature":7500}],"pressure":1000,"T_i":300,"T_e":7500,"known_transformed":[null,1,0],"phi":{"solve_time":0.0028145313262939453,"cond_unscaled":3.2040847914599166E+9,"cond_scaled":2538.9275434744018,"residual":7.7213745006210321E-12,"error":5.9811031150219174E-8,"final_residual":5.9811031150219174E-8,"final_update_size":4.2678162057572779E-9,"iterations":12},"phi_transformed":[[-0.87998633425076034,0.99999999999999978,0],[-0.72796397517329081,0.99999999999999989,0],[-0.61323591298185853,0.99999999999999989,1.0587911840678754E-22],[-0.51548849066699187,0.99999999999999978,0],[-0.42807687333678046,0.99999999999999989,2.1175823681357508E-22],[-0.347836119454257,0.99999999999999989,2.1175823681357508E-22],[-0.27296739845023876,0.99999999999999989,2.1175823681357508E-22],[-0.2023339534765333,1,0],[-0.1351642944463563,0.99999999999999978,4.2351647362715017E-22],[-0.070907185653138055,0.99999999999999978,4.2351647362715017E-22],[-0.0091531442500217223,0.99999999999999989,4.2351647362715017E-22],[0.050411411158537207,0.99999999999999978,0],[0.10803256304758695,0.99999999999999978,4.2351647362715017E-22],[0.16390733430717558,0.99999999999999989,4.2351647362715017E-22],[0.21819612791968676,0.99999999999999989,4.2351647362715017E-22],[0.27103139221761391,0.99999999999999978,8.4703294725430034E-22],[0.32252382299216192,0.99999999999999989,4.2351647362715017E-22],[0.37276690726443862,0.99999999999999989,0],[0.42184032016256506,0.99999999999999989,8.4703294725430034E-22],[0.46981250983492573,0.99999999999999989,8.4703294725430034E-22],[0.51674269557091224,0.99999999999999978,0],[0.56268243405407681,0.99999999999999978,8.4703294725430034E-22],[0.6076768625545661,0.99999999999999989,8.4703294725430034E-22],[0.65176569689591013,0.99999999999999989,8.4703294725430034E-22],[0.69498404080440057,0.99999999999999989,1.6940658945086007E-21],[0.73736304843225686,1,1.6940658945086007E-21],[0.7789304713298254,0.99999999999999989,0],[0.81971111356502968,0.99999999999999978,0],[0.85972721315276057,0.99999999999999989,8.4703294725430034E-22],[0.89899876386120847,0.99999999999999989,8.4703294725430034E-22],[0.93754378839602759,0.99999999999999978,8.4703294725430034E-22],[0.97537857164305408,1,1.6940658945086007E-21],[1.0125178608767065,0.99999999999999989,1.6940658945086007E-21],[1.0489750384729115,0.99999999999999978,1.6940658945086007E-21],[1.084762271600429,0.99999999999999989,0],[1.1198906425288719,1,8.4703294725430034E-22],[1.1543702625310999,0.99999999999999989,0],[1.1882103718315906,1,0],[1.2214194276307115,0.99999999999999978,1.6940658945086007E-21],[1.254005181894569,0.99999999999999967,3.3881317890172014E-21],[1.2859747503240004,0.99999999999999978,3.3881317890172014E-21],[1.3173346736909348,0.99999999999999978,3.3881317890172014E-21],[1.3480909725453802,0.99999999999999989,0],[1.3782491961438224,0.99999999999999989,1.6940658945086007E-21],[1.4078144663234162,0.99999999999999978,1.6940658945086007E-21],[1.4367915169411083,0.99999999999999978,3.3881317890172014E-21],[1.4651847294088653,0.99999999999999989,1.6940658945086007E-21],[1.4929981647823165,0.99999999999999989,1.6940658945086007E-21],[1.5202355927978053,0.99999999999999978,3.3881317890172014E-21],[1.5469005182001847,1,0],[1.5729962046589336,0.99999999999999989,1.6940658945086007E-21],[1.5985256965319903,0.99999999999999989,3.3881317890172014E-21],[1.6234918387041972,1,0],[1.6478972946991146,1,1.6940658945086007E-21],[1.6717445632390522,0.99999999999999989,1.6940658945086007E-21],[1.6950359934073242,1,1.6940658945086007E-21],[1.7177737985487562,0.99999999999999978,3.3881317890172014E-21],[1.7399600690289148,1,1.6940658945086007E-21],[1.7615967839589253,1,1.6940658945086007E-21],[1.7826858219809505,1,1.6940658945086007E-21],[1.8032289711990208,0.99999999999999978,3.3881317890172014E-21],[1.8232279383308603,0.99999999999999978,3.3881317890172014E-21],[1.8426843571483829,1,1.6940658945086007E-21],[1.8615997962675273,0.99999999999999989,1.6940658945086007E-21],[1.879975766341897,0.99999999999999989,1.6940658945086007E-21]],"phi_untransformed":[[0.039999978029051038,0.95999947269722463,5.492737241993464E-7],[0.090674097721540753,0.90932465715529154,1.2451231675115937E-6],[0.12891678511868479,0.87108144461527581,1.7702660392092914E-6],[0.16149925922364064,0.83849852309265194,2.2176837073455029E-6],[0.19063646500037759,0.809360917208157,2.6177914653579574E-6],[0.21738338296121879,0.78261363196263312,2.9850761480779218E-6],[0.24233962329589151,0.75765704893259533,3.3277715130774739E-6],[0.26588410495379339,0.73411224396538777,3.6510808187772533E-6],[0.28827399129718584,0.71172205016742007,3.95853539405985E-6],[0.30969302756159167,0.69030271978000712,4.2526584010566692E-6],[0.33027770802929723,0.66971775664654387,4.5353241588662955E-6],[0.35013255983215025,0.64986263219983131,4.8079680184518821E-6],[0.36933961046183339,0.63065531782179751,5.0717163690782087E-6],[0.38796453421502969,0.61203013831392983,5.3274710403787027E-6],[0.40606079875253343,0.59393362528122429,5.5759662422858675E-6],[0.42367255351850897,0.57632162867326253,5.8178082283731436E-6],[0.44083669711002504,0.55915724938629019,6.0535036846645727E-6],[0.4575843918674507,0.54240932465202152,6.2834805277639333E-6],[0.4739421961668262,0.52605129572972043,6.5081034533244553E-6],[0.489932926057613,0.51006034625661889,6.727685767929709E-6],[0.505576321302942,0.49441673619852294,6.94249853505882E-6],[0.52088956746399662,0.479103279758259,7.1527777442712624E-6],[0.53588771029749316,0.4641049309725051,7.358730001651134E-6],[0.55058398841127465,0.44940845105162763,7.56053709778412E-6],[0.564990103047438,0.43500213859284953,7.75835971237909E-6],[0.57911643892339015,0.42087560873616314,7.9523404468244871E-6],[0.592972246555913,0.40701961083775917,8.1426063278351715E-6],[0.60656579396764765,0.39342587676146157,8.32927089066321E-6],[0.61990449383022461,0.38008699373385024,8.5124359250083261E-6],[0.63299501073304054,0.36699629707401127,8.69219294801674E-6],[0.64584335224464706,0.35414777913089823,8.8686244547225573E-6],[0.65845494666032245,0.34153601153469187,9.041804985665818E-6],[0.67083470973820647,0.32915607845975009,9.2118020433031086E-6],[0.68298710227027493,0.31700351905284246,9.3786768825636109E-6],[0.69491617997944743,0.30507427753535643,9.5424851960287261E-6],[0.70662563695559533,0.29336465976669446,9.7032777103888446E-6],[0.71811884362300449,0.28187129527628768,9.8611007078068849E-6],[0.72939888005650155,0.2705911039470153,1.0015996483410345E-5],[0.740468565322875,0.25952126667337683,1.0168003748203333E-5],[0.75133048341082742,0.24865919943118731,1.0317157985132785E-5],[0.76198700622063809,0.2380025302875973,1.0463491764779083E-5],[0.77244031400961588,0.22754907895535784,1.0607035026109975E-5],[0.78269241362776465,0.21729683855690843,1.0747815326889969E-5],[0.79274515482724528,0.20724395931468703,1.0885858067639496E-5],[0.8026002448871099,0.19738873392619763,1.10211866924595E-5],[0.81225926175967389,0.18772958441745655,1.1153822869555506E-5],[0.82172366591559276,0.17826505029775322,1.1283786653892431E-5],[0.83099481104007644,0.16899377786328934,1.1411096634073403E-5],[0.84007395371190619,0.15991451051802857,1.1535770065250568E-5],[0.84896226217936621,0.15102607999764431,1.1657822989634888E-5],[0.85766082433228252,0.14232739839737157,1.1777270345966978E-5],[0.86617065495663448,0.13381745091729627,1.1894126069136345E-5],[0.87449270234737031,0.1254952892494488,1.2008403180987581E-5],[0.88262785434567625,0.11736002554045079,1.212011387322326E-5],[0.89057694385898856,0.1094108268714282,1.2229269583203899E-5],[0.89834075391507928,0.10164691020385747,1.2335881063349917E-5],[0.90592002229555646,0.094067537745998714,1.2439958444768167E-5],[0.91331544578894275,0.086672012699761686,1.2541511295654567E-5],[0.92052768409894625,0.0794596753523788,1.2640548674961917E-5],[0.92755736343962136,0.072429899481197033,1.2737079181768085E-5],[0.9344050798456448,0.0655820890433545,1.2831111000732226E-5],[0.9410714022229244,0.058915675125131468,1.2922651943985313E-5],[0.94755687516209874,0.052430113128411539,1.3011709489764637E-5],[0.95386202153514688,0.046124880174035016,1.3098290818070139E-5],[0.9599873448932702,0.039999472703886221,1.3182402843591706E-5]],"source_transformed":[[-1397.8028500011703,7.9105992589756369E-14,-8.6736173798840355E-19],[-3736.0614088548155,1.9249532523524238E-13,0],[-4970.9746510731575,8.24618151540335E-14,0],[-5757.3433200488671,7.6688655425982688E-14,0],[-6314.870477948436,2.5514312884666879E-13,-3.4694469519536142E-18],[-6737.016794653734,3.9744596502799823E-13,-3.4694469519536142E-18],[-7071.1111237885743,1.6275175651614404E-13,-6.9388939039072284E-18],[-7344.0575418370718,4.5568410156349159E-13,0],[-7572.451007897409,4.262215580475015E-13,0],[-7767.1688397603129,3.4055397390986286E-13,0],[-7935.6837852984327,3.9978437227361496E-13,0],[-8083.3256362232732,6.9425715176762992E-13,0],[-8214.0138059363671,2.1813800765713154E-13,0],[-8330.7048202835867,5.56478474411648E-13,0],[-8435.677353887042,2.9295316172905927E-13,-6.9388939039072284E-18],[-8530.7202955484645,3.3949232314256506E-13,0],[-8617.2606165203142,3.6366049060987393E-13,0],[-8696.4525942192213,6.013176068186965E-13,0],[-8769.24149535799,5.2026438712715617E-13,0],[-8836.4099439828,2.1423834928313568E-13,0],[-8898.6122841950382,4.9525661349747452E-13,0],[-8956.4004511161747,3.6185637819485805E-13,0],[-9010.2437269622642,2.6675883724180949E-13,0],[-9060.5440222998186,6.2053140403861562E-13,0],[-9107.6478345598134,4.017411403545168E-13,0],[-9151.85570631471,4.3647724323747639E-13,-6.9388939039072284E-18],[-9193.4297792681282,6.3200833455567818E-13,-6.9388939039072284E-18],[-9232.5998816307,5.2061827071625544E-13,0],[-9269.5684743313486,4.6388587415790994E-13,0],[-9304.514700850068,3.765876499528531E-13,-6.9388939039072284E-18],[-9337.59772674753,8.4890428020401032E-14,0],[-9368.95951173345,5.3540505362548174E-14,0],[-9398.7271249336063,2.7499530430574737E-13,-6.9388939039072284E-18],[-9427.0146898175881,8.27241053436012E-13,-6.9388939039072284E-18],[-9453.92502688317,2.7012420078520449E-13,0],[-9479.5510481300262,5.7974458567144893E-13,0],[-9503.9769464982455,6.2003874257143821E-13,-6.9388939039072284E-18],[-9527.2792149996585,6.3537369809907318E-13,-6.9388939039072284E-18],[-9549.5275236494381,6.7217065247149321E-14,-6.9388939039072284E-18],[-9570.78547708075,3.6874669984143793E-13,0],[-9591.1112715757154,2.8466118351389014E-13,-6.9388939039072284E-18],[-9610.5582669291434,3.4191399711502868E-13,0],[-9629.17548589571,4.7955389659293246E-13,-6.9388939039072284E-18],[-9647.0080518163777,5.2535059635872017E-13,-6.9388939039072284E-18],[-9664.0975732688421,3.234079670733081E-13,-6.9388939039072284E-18],[-9680.4824831568585,1.335251353928868E-13,-6.9388939039072284E-18],[-9696.1983384797586,4.7401665925761449E-13,-6.9388939039072284E-18],[-9711.2780860569783,4.5523307345973762E-13,-6.9388939039072284E-18],[-9725.7522986808854,5.0417309216399531E-13,-6.9388939039072284E-18],[-9739.6493855064473,6.8711702994050938E-13,-6.9388939039072284E-18],[-9752.9957799302829,2.064876047924713E-13,-6.9388939039072284E-18],[-9765.8161077466157,3.1911279174678953E-13,-6.9388939039072284E-18],[-9778.1333379759562,1.6429912985671535E-13,-6.9388939039072284E-18],[-9789.9689184326435,1.4615392229799795E-13,0],[-9801.3428978174561,6.0132454571260041E-13,-6.9388939039072284E-18],[-9812.2740358843057,4.8538256747221453E-13,-6.9388939039072284E-18],[-9822.7799030278838,3.7198716329456261E-13,0],[-9832.87697046567,3.011341176417659E-13,0],[-9842.5806920405012,5.1214588125958471E-13,-6.9388939039072284E-18],[-9851.90557854177,4.96040708508616E-13,-6.9388939039072284E-18],[-9860.8652653340232,4.8739484670434763E-13,-6.9388939039072284E-18],[-9869.4725739870664,3.9979131116751887E-13,0],[-9877.739568519095,2.2675611388578432E-13,0],[-9885.6776067937571,3.4202501941749119E-13,0],[-9893.29738754953,4.1867204148005044E-13,-6.9388939039072284E-18]],"source_untransformed":[[-465.93428333372327,465.94068147371365,-0.006398139990301862],[-1245.3538029516051,1245.3709039640305,-0.017101012425462928],[-1656.991550357719,1657.0143039182126,-0.0227535604937287],[-1919.1144400162893,1919.140793009155,-0.026352992865818749],[-2104.956825982812,2104.9857309355662,-0.028904952753891364],[-2245.672264884578,2245.7031021207226,-0.030837236144691815],[-2357.0370412628577,2357.0694077434787,-0.03236648062131376],[-2448.0191806123571,2448.052796446128,-0.033615833770453692],[-2524.1503359658027,2524.1849972212281,-0.034661255425390988],[-2589.0562799201039,2589.0918324542581,-0.0355525341539083],[-2645.2279284328106,2645.2642523076529,-0.036323874841910249],[-2694.4418787410909,2694.4788784145485,-0.036999673457318437],[-2738.0046019787887,2738.0421998490556,-0.037597870266618122],[-2776.9016067611956,2776.9397387593226,-0.038131998126926324],[-2811.89245129568,2811.9310637828585,-0.038612487178104754],[-2843.5734318494879,2843.6124793751596,-0.039047525671436885],[-2872.4202055067717,2872.4596491520306,-0.039443645258961761],[-2898.8175314064069,2898.8573375358033,-0.0398061293957097],[-2923.0804984526635,2923.120637757499,-0.040139304835454789],[-2945.4699813275997,2945.5104280814703,-0.040446753870368814],[-2966.2040947316796,2966.2448262032985,-0.040731471618942541],[-2985.4668170387249,2985.5078130231695,-0.0409959844447277],[-3003.4145756540875,3003.4558180944732,-0.041242440385491762],[-3020.1813407666064,3020.2228134457064,-0.041472679099859057],[-3035.8826115199377,3035.9242998065424,-0.041688286604820213],[-3050.6185687715692,3050.6604594101382,-0.041890638568947987],[-3064.4765930893759,3064.5186740242652,-0.042080934889149914],[-3077.5332938769,3077.5755541044546,-0.042260227554313648],[-3089.8561581104491,3089.8985875537351,-0.042429443285518537],[-3101.5049002833557,3101.5474896854289,-0.042589402073268452],[-3112.53257558251,3112.5753164149733,-0.042740832463465862],[-3122.98650391115,3123.0293882953956,-0.042884384245954719],[-3132.9090416445351,3132.9520622835876,-0.043020639052154037],[-3142.3382299391956,3142.381380058453,-0.04315011925754373],[-3151.30834229439,3151.3516155898906,-0.0432732955006968],[-3159.8503493766761,3159.8937399697425,-0.043390593066180878],[-3167.9923154994153,3168.0358178967444,-0.043502397328955583],[-3175.75973833322,3175.8033473916389,-0.043609058419225584],[-3183.17584121648,3183.2195521117155,-0.043710895236405214],[-3190.2618256935834,3190.3056338925003,-0.043808198916935506],[-3197.037090525238,3197.0809917610795,-0.043901235841701254],[-3203.5194223097142,3203.5634125599672,-0.043990250253613396],[-3209.7251619652366,3209.7692374317803,-0.044075466543720465],[-3215.6693506054594,3215.7135076967138,-0.044157091254348739],[-3221.3658577562805,3221.41009307112,-0.044235314839756408],[-3226.82749438562,3226.8718046988374,-0.044310313218241554],[-3232.066112826586,3232.11049507573,-0.044382249144272287],[-3237.0926953523258,3237.1371466257506,-0.044451273424783236],[-3241.9174328936288,3241.961950419628,-0.044517526000113918],[-3246.5497951688153,3246.5943763057226,-0.044581136907022041],[-3250.9985933100938,3251.0432355372327,-0.04464222713865907],[-3255.2720359155392,3255.3167368249528,-0.044700909414267818],[-3259.377779325318,3259.4225366141877,-0.044757288869567993],[-3263.3229728108813,3263.3677842745578,-0.04481146367728734],[-3267.1142992724845,3267.1591627980906,-0.044863525606014108],[-3270.7580119614349,3270.8029255219594,-0.044913560524461271],[-3274.259967675961,3274.3049293248173,-0.044961648857307412],[-3277.62565682189,3277.6706646878879,-0.045007865997985307],[-3280.8602306801663,3280.9052829628495,-0.045052282683115563],[-3283.9685261805894,3284.0136211459221,-0.045094965332695754],[-3286.9550884446735,3287.0002244210336,-0.045135976359655709],[-3289.8241913290217,3289.8693667034736,-0.04517537445195597],[-3292.5798561730321,3292.6250693878615,-0.045213214830028547],[-3295.2258689312521,3295.271118480734,-0.04524954948203589],[-3297.7657958498435,3297.811080277223,-0.045284427379137626]],"mass_conservation_1":8.1985700280011564E-17,"mass_conservation_inf":2.2204460492503131E-16,"charge_conservation_1":8.0971207615899239E-17,"charge_conservation_inf":3.2927446521169039E-16,"total_time":1.8516159057617188,"mass_flux":-0.1,"E_halfway":[[4.82775623834846E-5,-2.8696213665683919E-5,-2.0476703125880973],[-9.8569122123992425E-6,3.0958462565835716E-5,-0.58555386204632354],[1.3290366846492827E-9,1.2651032123641404E-9,4.4201279715230896E-5]],"E_halfway_transformed":[[4.8855867193451189E-5,8.1330057644366327E-5,-1.801168689211631],[1.2195998462720815E-20,2.2635140033641789E-6,-2.6331822368687097],[-1.8609616794923119E-25,1.6591553325708746E-9,7.2317923467735853E-5]],"phi_halfway":[0.67083470973820669,0.32915607845975009,9.2118020433031086E-6],"x_halfway":5E-5,"transform":true}