{"xmin":0,"xmax":0.001,"dx":1.5625E-5,"x":[0,1.5625E-5,3.125E-5,4.6875E-5,6.25E-5,7.8125E-5,9.375E-5,0.000109375,0.000125,0.00014062500000000002,0.00015625,0.000171875,0.0001875,0.00020312500000000002,0.00021875,0.000234375,0.00025,0.000265625,0.00028125000000000003,0.000296875,0.0003125,0.000328125,0.00034375,0.000359375,0.000375,0.000390625,0.00040625000000000004,0.000421875,0.0004375,0.000453125,0.00046875,0.000484375,0.0005,0.000515625,0.00053125,0.000546875,0.00056250000000000007,0.000578125,0.00059375,0.000609375,0.000625,0.000640625,0.00065625,0.00067187500000000005,0.0006875,0.000703125,0.00071875,0.000734375,0.00075,0.000765625,0.00078125,0.00079687500000000006,0.00081250000000000007,0.000828125,0.00084375,0.000859375,0.000875,0.000890625,0.00090625,0.00092187500000000006,0.0009375,0.000953125,0.00096875,0.000984375,0.001],"N":65,"tmin":0,"tmax":null,"dt":1,"dt_auto":null,"m":8,"Nelements":4,"Nother":[],"M":[[1,0,0,0,0,0,0,0],[0,1,0,0,0,0,0,0],[0,0,1,0,0,0,0,0],[0,0,0,1,0,0,0,0],[0,0,0,0,1,0,0,0],[0,0,0,0,0,1,0,0],[0,0,0,0,0,0,1,0],[0,0,0,0,0,0,0,1]],"M_unscaled":[[1,0,0,0,0,0,0,0],[0,1,0,0,0,0,0,0],[0,0,1,0,0,0,0,0],[0,0,0,1,0,0,0,0],[0,0,0,0,1,0,0,0],[0,0,0,0,0,1,0,0],[0,0,0,0,0,0,1,0],[0,0,0,0,0,0,0,1]],"U_fn":"@(t,x,phi)U","E_fn":"@(t,x,phi)stefan_maxwell.diff_matrix(phi,obj.pressure,obj.particleList)","s_fn":"@(t,x,phi)mass_vector.*(nu*Z_mass_frac(phi./sum(phi)))","s_fn_J":"@(t,x,phi)mf.Jacobian(@(phi)obj.s_fn(t,x,phi),phi)","phi_BC_west_fn":"@(t)y_west","phi_BC_east_fn":"@(t)y_east","phi_BC_west":[0.16227100868648206,0.11156131847195641,0.13184519455776667,0.13184519455776667,4.90896955419302E-6,0.19269682281519745,0.22312263694391282,0.046652914997363591],"phi_BC_east":[0.008131697173069519,0.11043045543674655,0.094367843736856152,0.26101744012321915,2.0303586977272566E-6,0.2208609108734931,0.25097830781078762,0.054211314487130124],"phi_IC":[0.16227100868648206,0.11156131847195641,0.13184519455776667,0.13184519455776667,4.90896955419302E-6,0.19269682281519745,0.22312263694391282,0.046652914997363591,0.15986258194408498,0.11154364873703125,0.13125961095118993,0.13386351089472687,4.8639912595607427E-6,0.19313688669110832,0.22355788180120775,0.046771014989391194,0.15745415520168793,0.1115259790021061,0.13067402734461322,0.13588182723168707,4.819012964928465E-6,0.19357695056701921,0.22399312665850266,0.046889114981418796,0.15504572845929085,0.11150830926718094,0.13008844373803649,0.13790014356864724,4.7740346702961881E-6,0.19401701444293007,0.22442837151579759,0.0470072149734464,0.15263730171689377,0.1114906395322558,0.12950286013145976,0.13991845990560745,4.72905637566391E-6,0.19445707831884093,0.22486361637309249,0.047125314965474,0.15022887497449672,0.11147296979733064,0.12891727652488302,0.14193677624256765,4.6840780810316326E-6,0.19489714219475179,0.22529886123038742,0.0472434149575016,0.14782044823209964,0.11145530006240549,0.12833169291830632,0.14395509257952782,4.6390997863993549E-6,0.19533720607066268,0.22573410608768232,0.047361514949529206,0.14541202148970256,0.11143763032748033,0.12774610931172958,0.14597340891648802,4.5941214917670772E-6,0.19577726994657355,0.22616935094497725,0.047479614941556808,0.14300359474730551,0.11141996059255518,0.12716052570515285,0.14799172525344823,4.5491431971348E-6,0.19621733382248441,0.22660459580227216,0.04759771493358441,0.14059516800490843,0.11140229085763002,0.12657494209857612,0.15001004159040843,4.5041649025025226E-6,0.19665739769839527,0.22703984065956709,0.047715814925612013,0.13818674126251135,0.11138462112270488,0.12598935849199941,0.15202835792736863,4.4591866078702449E-6,0.19709746157430616,0.22747508551686202,0.047833914917639615,0.1357783145201143,0.11136695138777972,0.12540377488542268,0.1540466742643288,4.4142083132379671E-6,0.19753752545021702,0.22791033037415692,0.047952014909667211,0.13336988777771722,0.11134928165285456,0.12481819127884594,0.156064990601289,4.3692300186056894E-6,0.19797758932612788,0.22834557523145185,0.048070114901694813,0.13096146103532014,0.11133161191792941,0.12423260767226922,0.15808330693824921,4.3242517239734117E-6,0.19841765320203875,0.22878082008874676,0.048188214893722416,0.12855303429292306,0.11131394218300425,0.12364702406569249,0.16010162327520938,4.2792734293411348E-6,0.19885771707794964,0.22921606494604169,0.048306314885750018,0.126144607550526,0.1112962724480791,0.12306144045911577,0.16211993961216958,4.2342951347088571E-6,0.1992977809538605,0.22965130980333659,0.04842441487777762,0.12373618080812893,0.11127860271315394,0.12247585685253903,0.16413825594912979,4.1893168400765794E-6,0.19973784482977136,0.23008655466063152,0.048542514869805223,0.12132775406573185,0.1112609329782288,0.12189027324596231,0.16615657228609,4.1443385454443016E-6,0.20017790870568225,0.23052179951792645,0.048660614861832825,0.11891932732333478,0.11124326324330364,0.12130468963938558,0.16817488862305019,4.0993602508120248E-6,0.20061797258159311,0.23095704437522135,0.048778714853860428,0.11651090058093772,0.11122559350837849,0.12071910603280886,0.17019320496001036,4.054381956179747E-6,0.20105803645750397,0.23139228923251629,0.04889681484588803,0.11410247383854064,0.11120792377345333,0.12013352242623213,0.17221152129697057,4.0094036615474693E-6,0.20149810033341484,0.23182753408981119,0.049014914837915632,0.11169404709614357,0.11119025403852818,0.11954793881965541,0.17422983763393077,3.9644253669151916E-6,0.20193816420932573,0.23226277894710612,0.049133014829943235,0.1092856203537465,0.11117258430360302,0.11896235521307869,0.17624815397089094,3.9194470722829139E-6,0.20237822808523659,0.23269802380440102,0.049251114821970837,0.10687719361134942,0.11115491456867786,0.11837677160650195,0.17826647030785114,3.8744687776506361E-6,0.20281829196114745,0.23313326866169595,0.04936921481399844,0.10446876686895236,0.11113724483375272,0.11779118799992522,0.18028478664481135,3.8294904830183593E-6,0.20325835583705831,0.23356851351899088,0.049487314806026042,0.10206034012655529,0.11111957509882756,0.1172056043933485,0.18230310298177155,3.7845121883860815E-6,0.2036984197129692,0.23400375837628579,0.049605414798053644,0.099651913384158214,0.11110190536390241,0.11662002078677176,0.18432141931873175,3.7395338937538038E-6,0.20413848358888007,0.23443900323358072,0.049723514790081247,0.097243486641761148,0.11108423562897725,0.11603443718019504,0.18633973565569192,3.6945555991215265E-6,0.20457854746479093,0.23487424809087562,0.049841614782108849,0.094835059899364069,0.1110665658940521,0.11544885357361831,0.18835805199265213,3.6495773044892488E-6,0.20501861134070179,0.23530949294817055,0.049959714774136452,0.092426633156967,0.11104889615912694,0.11486326996704159,0.19037636832961233,3.6045990098569715E-6,0.20545867521661268,0.23574473780546545,0.050077814766164054,0.090018206414569937,0.1110312264242018,0.11427768636046487,0.1923946846665725,3.5596207152246938E-6,0.20589873909252354,0.23617998266276038,0.050195914758191656,0.087609779672172858,0.11101355668927664,0.11369210275388814,0.1944130010035327,3.514642420592416E-6,0.2063388029684344,0.23661522752005529,0.050314014750219252,0.085201352929775792,0.11099588695435147,0.1131065191473114,0.19643131734049291,3.4696641259601383E-6,0.20677886684434527,0.23705047237735022,0.050432114742246861,0.082792926187378713,0.11097821721942633,0.11252093554073468,0.19844963367745311,3.424685831327861E-6,0.20721893072025616,0.23748571723464515,0.050550214734274457,0.080384499444981647,0.11096054748450117,0.11193535193415796,0.20046795001441331,3.3797075366955837E-6,0.20765899459616702,0.23792096209194005,0.050668314726302059,0.077976072702584567,0.11094287774957602,0.11134976832758123,0.20248626635137351,3.334729242063306E-6,0.20809905847207788,0.23835620694923498,0.050786414718329662,0.0755676459601875,0.11092520801465086,0.11076418472100449,0.20450458268833369,3.2897509474310283E-6,0.20853912234798877,0.23879145180652989,0.050904514710357264,0.073159219217790422,0.11090753827972571,0.11017860111442777,0.20652289902529389,3.2447726527987505E-6,0.20897918622389963,0.23922669666382482,0.051022614702384866,0.07075079247539337,0.11088986854480055,0.10959301750785105,0.20854121536225406,3.1997943581664737E-6,0.20941925009981049,0.23966194152111972,0.051140714694412469,0.068342365732996291,0.11087219880987541,0.10900743390127432,0.21055953169921426,3.1548160635341959E-6,0.20985931397572136,0.24009718637841465,0.051258814686440071,0.065933938990599225,0.11085452907495025,0.1084218502946976,0.21257784803617447,3.1098377689019182E-6,0.21029937785163225,0.24053243123570955,0.051376914678467674,0.063525512248202146,0.1108368593400251,0.10783626668812087,0.21459616437313467,3.0648594742696405E-6,0.21073944172754311,0.24096767609300448,0.051495014670495276,0.06111708550580508,0.11081918960509994,0.10725068308154415,0.21661448071009487,3.0198811796373628E-6,0.21117950560345397,0.24140292095029942,0.051613114662522878,0.058708658763408014,0.11080151987017478,0.10666509947496741,0.21863279704705502,2.9749028850050859E-6,0.21161956947936483,0.24183816580759432,0.051731214654550481,0.056300232021010949,0.11078385013524963,0.10607951586839069,0.22065111338401522,2.9299245903728082E-6,0.21205963335527572,0.24227341066488925,0.051849314646578083,0.053891805278613869,0.11076618040032447,0.10549393226181397,0.22266942972097542,2.8849462957405304E-6,0.21249969723118659,0.24270865552218415,0.051967414638605686,0.0514833785362168,0.11074851066539933,0.10490834865523724,0.22468774605793562,2.8399680011082527E-6,0.21293976110709745,0.24314390037947908,0.052085514630633288,0.049074951793819724,0.11073084093047417,0.1043227650486605,0.22670606239489582,2.7949897064759754E-6,0.21337982498300834,0.243579145236774,0.05220361462266089,0.046666525051422658,0.11071317119554902,0.10373718144208378,0.22872437873185603,2.7500114118436977E-6,0.2138198888589192,0.24401439009406892,0.052321714614688493,0.044258098309025579,0.11069550146062386,0.10315159783550706,0.23074269506881623,2.70503311721142E-6,0.21425995273483006,0.24444963495136385,0.052439814606716095,0.041849671566628513,0.11067783172569871,0.10256601422893033,0.23276101140577643,2.6600548225791427E-6,0.21470001661074092,0.24488487980865875,0.0525579145987437,0.039441244824231433,0.11066016199077355,0.1019804306223536,0.2347793277427366,2.6150765279468649E-6,0.21514008048665181,0.24532012466595368,0.0526760145907713,0.037032818081834368,0.11064249225584841,0.10139484701577688,0.23679764407969681,2.5700982333145872E-6,0.21558014436256268,0.24575536952324858,0.0527941145827989,0.034624391339437288,0.11062482252092325,0.10080926340920014,0.238815960416657,2.52511993868231E-6,0.21602020823847354,0.24619061438054352,0.052912214574826505,0.032215964597040236,0.11060715278599809,0.10022367980262342,0.24083427675361718,2.4801416440500326E-6,0.2164602721143844,0.24662585923783842,0.0530303145668541,0.029807537854643157,0.11058948305107294,0.099638096196046688,0.24285259309057738,2.4351633494177549E-6,0.21690033599029529,0.24706110409513335,0.0531484145588817,0.027399111112246077,0.11057181331614778,0.099052512589469968,0.24487090942753759,2.3901850547854772E-6,0.21734039986620615,0.24749634895242828,0.053266514550909305,0.024990684369849026,0.11055414358122263,0.098466928982893248,0.24688922576449779,2.3452067601532E-6,0.21778046374211701,0.24793159380972318,0.053384614542936908,0.022582257627451946,0.11053647384629747,0.097881345376316514,0.248907542101458,2.3002284655209221E-6,0.2182205276180279,0.24836683866701811,0.05350271453496451,0.020173830885054866,0.11051880411137233,0.09729576176973978,0.25092585843841819,2.2552501708886444E-6,0.21866059149393877,0.24880208352431302,0.053620814526992112,0.017765404142657815,0.11050113437644717,0.096710178163163074,0.25294417477537834,2.2102718762563671E-6,0.21910065536984963,0.24923732838160795,0.053738914519019715,0.015356977400260735,0.11048346464152202,0.09612459455658634,0.25496249111233854,2.16529358162409E-6,0.21954071924576049,0.24967257323890285,0.053857014511047317,0.012948550657863656,0.11046579490659686,0.0955390109500096,0.25698080744929874,2.1203152869918121E-6,0.21998078312167135,0.25010781809619775,0.05397511450307492,0.010540123915466604,0.11044812517167171,0.094953427343432872,0.25899912378625894,2.0753369923595344E-6,0.22042084699758224,0.25054306295349271,0.054093214495102522,0.0081316971730695242,0.11043045543674655,0.094367843736856152,0.26101744012321915,2.0303586977272566E-6,0.2208609108734931,0.25097830781078762,0.054211314487130124],"tol_eta":1E-12,"tol_xi":1E-12,"tol_phi":1E-7,"max_iter_phi":500,"max_iter_eta":1,"max_iter_xi":1,"max_iter_inner":1,"theta":1,"urf_phi":1,"urf_eta":1,"urf_xi":1,"elements":{"quantity":[[1,0,1,0,-1,0,0,0],[0,0,1,0,0,0,1,0],[1,1,0,0,0,1,0,0],[0,0,0,1,0,0,0,2]],"description":["Charge conservation","Aluminium conservation","Argon conservation","Hydrogen conservation"]},"labels":["Ar^+","Ar^*","Al^+","H","e^-","Ar","Al","H_2"],"transformed_labels":["Ar^+","Ar^*","Al^+","H","e^-","Ar","Al","H_2"],"transformed_labels_unscaled":["Ar^+","Ar^*","Al^+","H","e^-","Ar","Al","H_2"],"particleList":[{"charge":1,"polarizability":[8.0049381144977216E-31,6.0957543978759442E-51,9.5923498179641491E-71],"radius":1.75E-10,"mass":6.6337624795239183E-26,"molecule":0,"N":[7,10],"dependent":0,"coll_int":0,"dep_species":["Ar","e[-]"],"levels":[6,0],"energy":3.2044E-18,"spin_mult":2,"label":"Ar[+1]","temperature":3500},{"charge":0,"polarizability":[1.4462827841076963E-30,1.5270507953834903E-50,3.5266846393120763E-70],"radius":1.75E-10,"mass":6.6338535733595182E-26,"molecule":0,"N":[8,10],"dependent":1,"coll_int":1,"levels":[1,0],"energy":0,"spin_mult":1,"label":"Ar[*]","temperature":3500},{"charge":1,"polarizability":[8.0049381144977216E-31,6.0957543978759442E-51,9.5923498179641491E-71],"radius":1.75E-10,"mass":4.4802987667295326E-26,"molecule":0,"N":[7,10],"dependent":0,"coll_int":0,"dep_species":["Al","e[-]"],"levels":[6,0],"energy":3.2044E-18,"spin_mult":2,"label":"Al[+1]","temperature":3500},{"charge":0,"polar":6.67E-31,"polarizability":[6.67E-31,2.1110563953240404E-48,2.8505540638345186E-62],"radius":5.3000000000000004E-11,"mass":1.6737237473672072E-27,"molecule":0,"N":[0,1],"dependent":1,"coll_int":0,"levels":[2,0],"energy":0,"spin_mult":2,"label":"H","temperature":3500},{"charge":-1,"polarizability":0,"radius":2.8179403240562681E-15,"mass":9.10938356E-31,"molecule":0,"N":[0,0],"dependent":0,"coll_int":0,"levels":[],"energy":0,"spin_mult":2,"label":"e[-1]","temperature":16000},{"charge":0,"polarizability":[1.4462827841076963E-30,1.5270507953834903E-50,3.5266846393120763E-70],"radius":1.75E-10,"mass":6.6338535733595182E-26,"molecule":0,"N":[8,10],"dependent":1,"coll_int":1,"levels":[1,0],"energy":0,"spin_mult":1,"label":"Ar","temperature":3500},{"charge":0,"polarizability":[1.4462827841076963E-30,1.5270507953834903E-50,3.5266846393120763E-70],"radius":1.75E-10,"mass":4.4803898605651326E-26,"molecule":0,"N":[8,10],"dependent":1,"coll_int":1,"levels":[1,0],"energy":0,"spin_mult":1,"label":"Al","temperature":3500},{"charge":0,"polar":8.056E-31,"polarizability":[8.056E-31,6.1613270219515779E-48,5.739389243979613E-61],"radius":7.2999999999999993E-11,"mass":3.3474474947344144E-27,"molecule":1,"N":[2,1],"dependent":0,"dep_species":["H"],"coll_int":0,"levels":[2,0],"energy":0,"spin_mult":2,"label":"H2","temperature":3500}],"pressure":5,"T_i":[],"T_e":[],"known_transformed":[],"phi":{"solve_time":0.17247295379638672,"cond_unscaled":2.8510888740750984E+16,"cond_scaled":1.0785927288583871E+6,"residual":4.4511783131107592E-12,"error":9.7151416014345146E-8,"final_residual":9.7151416014345146E-8,"final_update_size":6.3418561469304126E-8,"iterations":370},"phi_transformed":[[0.16227100868648206,0.11156131847195641,0.13184519455776667,0.13184519455776667,4.90896955419302E-6,0.19269682281519745,0.22312263694391282,0.046652914997363591],[0.15645218084821658,0.11996328235189659,0.1332737747201316,0.1337702383434842,4.8581122991101422E-6,0.18550985350840488,0.22414198917560851,0.0468838229400715],[0.15078824171686181,0.1281519500006888,0.13459429777018223,0.13570416463783364,4.8071849257503845E-6,0.17850526906692754,0.22513951445507907,0.047111755167592986],[0.1452771458663126,0.13611671642209311,0.13580897019684457,0.13764670360508244,4.7562042091420311E-6,0.17169379528234843,0.22611524740872696,0.047336665014480819],[0.13991681399580611,0.14384749618781545,0.13692000946532309,0.13959758219177515,4.7051866823408359E-6,0.16508565285756374,0.227069233461849,0.047558506653290727],[0.13470513454270108,0.15133473637499256,0.13792964262067753,0.14155652429533977,4.6541486301634041E-6,0.15869054420015039,0.22800152868557738,0.047777235132047645],[0.12963996531538105,0.15856942802196897,0.13884010489016457,0.14352325093628918,4.6031060831944442E-6,0.15251764168519383,0.2289121996341523,0.04799280641090909],[0.12471913514415632,0.16554311610207617,0.13965363828606045,0.14549748043368055,4.5520748120569771E-6,0.14657557738851495,0.22980132317287416,0.048205177397941008],[0.11994044554850307,0.17224790802003759,0.14037249021025724,0.14747892858335879,4.5010703219117846E-6,0.14087243428661883,0.23066898629714655,0.048414305983880718],[0.11530167241894859,0.17867648063931257,0.140998912062052,0.14946730883907158,4.4501078472790865E-6,0.13541573891437517,0.23151528594254764,0.048620151075944827],[0.11080056771171123,0.18482208585450205,0.14153515785048959,0.1514623324956085,4.39920234706734E-6,0.1302124554682885,0.23234032878668587,0.048822672630450564],[0.1064348611549407,0.19067855472559531,0.14198348281225071,0.15346370887409544,4.34836849991729E-6,0.12526898133764525,0.23314423104270479,0.049021831684329373],[0.10220226196438063,0.19624030019620867,0.14234614203667678,0.15547114550883021,4.2976206997997109E-6,0.12059114404282913,0.2339271182450347,0.049217590385384667],[0.098100460567407718,0.20150231842094105,0.14262538909871278,0.15748434833541375,4.2469730518955831E-6,0.11618419955567484,0.23468912502756514,0.04940991202126379],[0.094127130333551731,0.20646018873109465,0.14282347470116788,0.15950302187980189,4.19643936875233E-6,0.11205283197334384,0.23543039489462558,0.049598761047078659],[0.090279929310175575,0.21111007227114575,0.14294264532724213,0.16152686944795053,4.14603316672598E-6,0.10820115451366202,0.236151079985057,0.04978410311162948],[0.086556501961654889,0.21544870934185542,0.1429851419044722,0.16355559331560851,4.0957676626920755E-6,0.10463271179681681,0.23685134082980094,0.049965905082152741],[0.082954480910592446,0.21947341548854687,0.14295319848113347,0.165588894917993,4.0456557710463012E-6,0.10135048337513949,0.2375313461032737,0.050144135067575112],[0.079471488679371038,0.22318207637606913,0.14284904091626643,0.16762647503895417,3.995710100987551E-6,0.098356888470107928,0.23819127236893411,0.050318762440217255],[0.076105139430590843,0.22657314149448612,0.14267488558426708,0.16966803399921745,3.9459429540752474E-6,0.0956537918731745,0.23883130381943629,0.0504897578558934],[0.072853040704580638,0.22964561674159187,0.14243293809528643,0.17171327184343468,3.8963663220740528E-6,0.0932425109646915,0.23945163201171382,0.050657093272395037],[0.069712795152359716,0.23239905593068708,0.14212539203247074,0.17376188852562355,3.846991885074482E-6,0.091123823803245324,0.24005245559742969,0.0508207419663076],[0.06668200226242961,0.23483355127359745,0.14175442770709737,0.17581358409269704,3.7978310098951118E-6,0.089297978235862913,0.24063398004915895,0.050980678548146335],[0.063758260079564547,0.23694972289065516,0.14132221093275987,0.17786805886571971,3.7488947487610034E-6,0.087764701978024481,0.24119641738273875,0.051136878975782216],[0.0609391669138971,0.23874870740059004,0.1408308918196747,0.17992501361858432,3.7001938382590748E-6,0.086523213611067087,0.24173998587618895,0.051289320566146671],[0.0582223230385793,0.24023214564447273,0.14028260359015449,0.18198414975377439,3.6517386985662277E-6,0.085572234443476,0.24226490978562454,0.051437982005198536],[0.055605332374136611,0.2414021695986534,0.13967946141640614,0.18404516947490829,3.6035394329467454E-6,0.084910001181688136,0.24277141905860047,0.05158284335614681],[0.053085804157913322,0.24226138853229306,0.13902356128158602,0.18610777595579781,3.5556058275226447E-6,0.084534279355342912,0.24325974904527428,0.051723886065934123],[0.050661354596661344,0.24281287446560468,0.13831697886526967,0.18817167350569439,3.5079473513037814E-6,0.08444237744154047,0.2437301402078714,0.051861092969971566],[0.048329608500587234,0.243060146985072,0.13756176845431173,0.19023656773049752,3.460573156482655E-6,0.084631161632362312,0.24418283782883274,0.051994448295143388],[0.046088200897088281,0.24300715747194623,0.13675996188008344,0.19230216568965361,3.4134920789864121E-6,0.085097071189919812,0.24461809171810217,0.052123937661088832],[0.04393477862235514,0.24265827280023769,0.13591356748311911,0.19436817604850767,3.3667126392809254E-6,0.085836134333348246,0.24503615591997424,0.052249548079777296],[0.041867001889038982,0.24201825855997761,0.13502456910617056,0.19643430922589306,3.320243043423724E-6,0.086843984602490723,0.24543728841994103,0.052371267953400739],[0.039882545828343288,0.2410922618610408,0.13409492511653173,0.19850027753677085,3.2740911843627413E-6,0.088115877643535429,0.2458217508519373,0.052489087070611541],[0.0379791020045361,0.2398857937721556,0.13312656745874768,0.2005657953297266,3.2282646434728018E-6,0.089646708362572144,0.2461898082064389,0.052602996601135481],[0.036154379900286526,0.23840471144885045,0.13212140073850664,0.20263057911916088,3.1827706923256183E-6,0.091431028393846328,0.246541728539822,0.052712989088794175],[0.034406108370883891,0.23665520000310064,0.13108130133876239,0.20469434771204817,3.1376162946872654E-6,0.09346306383048622,0.24687778268540389,0.052819058442981265],[0.032732037065650831,0.23464375416631911,0.13000811656893638,0.20675682232914025,3.0928081087390456E-6,0.095736733166595159,0.24719824396657469,0.052921199928635795],[0.031129937814650482,0.23237715979607523,0.12890366384817212,0.20881772672052251,3.0483524895128575E-6,0.098245665400846352,0.24750338791244186,0.053019410154761679],[0.029597605979074293,0.22986247527553585,0.1277697299234235,0.2108767872754467,3.0042554915367569E-6,0.10098321825307471,0.24779349197636649,0.053113687061546545],[0.028132861763306087,0.22710701285317939,0.12660807012341632,0.21293373312640304,2.9605228716835492E-6,0.10394249644683383,0.24806883525781254,0.053204029906138449],[0.026733551487261541,0.2241183199687099,0.12542040764907275,0.21498829624738863,2.9171600922156333E-6,0.10711637001243314,0.24832969822786713,0.053290439247137646],[0.025397548817046443,0.22090416060950896,0.12420843290138824,0.21704021154636874,2.8741723240176419E-6,0.11049749256663527,0.2485763624588285,0.053372916927865451],[0.024122755952635355,0.21747249674011718,0.12297380284727166,0.2190892169519463,2.8315644500127747E-6,0.11407831952687732,0.24880911035819225,0.05345146605847742],[0.022907104770877977,0.21383146984555609,0.1217181404241206,0.22113505349425833,2.7893410687510917E-6,0.11785112621969862,0.24902822490740911,0.053526090996982335],[0.021748557922633156,0.20998938262731962,0.12044303398357592,0.22317746538015526,2.7475064981664462E-6,0.12180802584485098,0.24923398940570204,0.0535967973292383],[0.0206451098826936,0.20595468088908914,0.1191500367749472,0.225216200062705,2.7060647794900078E-6,0.12594098725848185,0.24942668721929087,0.053663591847988135],[0.019594787951509905,0.20173593564715658,0.11784066646860125,0.22725100830510278,2.6650196813159649E-6,0.13024185254065665,0.24960660153626457,0.053726482531004816],[0.018595653207623738,0.19734182549867837,0.11651640471963479,0.22928164423907377,2.6243747038085226E-6,0.13470235431444907,0.24977401512740316,0.053785478518413823],[0.017645801410146138,0.19278111927884839,0.11517869677186988,0.23130786541784698,2.584133083042991E-6,0.1393141327857618,0.24992921011317054,0.053840590089256311],[0.016743363850374421,0.18806265903611033,0.11382895110237552,0.23332943286382421,2.5442977954724873E-6,0.14406875247502082,0.2500724677371195,0.053891828637364136],[0.015886508152096017,0.18319534335252538,0.11246853910640622,0.23534611111105566,2.50487156251154E-6,0.14895771861382237,0.25020406814590751,0.053939206646609686],[0.015073439019922134,0.17818811103445281,0.11109879482277478,0.23735766824265897,2.4658568552285933E-6,0.15397249318160011,0.2503242901761214,0.053982737665600015],[0.014302398935118992,0.17304992519672471,0.10972101469963283,0.23936387592333688,2.4272558991386909E-6,0.15910451055930167,0.25043341114808981,0.054022436281882309],[0.013571668798462591,0.16778975776154537,0.10833645740054376,0.24136450942715559,2.3890706790882746E-6,0.16434519277901186,0.25053170666685992,0.054058318095727864],[0.012879568519480983,0.16241657439145285,0.10694634365089706,0.24335934766078668,2.3513029442239207E-6,0.16968596435036012,0.25061945043049894,0.054090399693566833],[0.01222445755149683,0.15693931987376597,0.10555185612466059,0.24534817318241375,2.3139542130365317E-6,0.17511826664641725,0.2506969140458789,0.054118698621142908],[0.011604735371888251,0.15136690397209809,0.10415413937147787,0.24733077221654409,2.2770257784743877E-6,0.18063357183364948,0.250764366852092,0.05414323335646172],[0.011018841906640384,0.14570818775872102,0.10275429978436794,0.24930693466498957,2.2405187131160287E-6,0.1862233963322934,0.25082207575165927,0.054164023282607408],[0.010465257898555711,0.13997197043976414,0.10135340560807909,0.25127645411428862,2.2044338743963994E-6,0.19187931379527412,0.25087030504965729,0.054181088660500969],[0.0099425052182247932,0.13416697668354077,0.099952486988331826,0.25323912783987362,2.1687719098782067E-6,0.19759296759552292,0.25090931630091562,0.054194450601676589],[0.0094491471170044389,0.1283018444605907,0.098552536062129659,0.25519475680729553,2.1335332625620484E-6,0.20335608281317155,0.25093936816539408,0.054204131041149121],[0.008983788421143106,0.12238511340243083,0.097154507089351638,0.2571431456708419,2.0987181762275721E-6,0.20916047771574534,0.2509607162718609,0.054210152710448212],[0.0085450756664728969,0.1164252136844348,0.095759316625667473,0.25908410276987232,2.0643267007988213E-6,0.21499807472599683,0.25097361308996818,0.054212539110886124],[0.008131697173069519,0.11043045543674655,0.094367843736856152,0.26101744012321915,2.0303586977272566E-6,0.2208609108734931,0.25097830781078762,0.054211314487130124]],"phi_untransformed":[[0.16227100868648206,0.11156131847195641,0.13184519455776667,0.13184519455776667,4.90896955419302E-6,0.19269682281519745,0.22312263694391282,0.046652914997363591],[0.15645218084821658,0.11996328235189659,0.1332737747201316,0.1337702383434842,4.8581122991101422E-6,0.18550985350840488,0.22414198917560851,0.0468838229400715],[0.15078824171686181,0.1281519500006888,0.13459429777018223,0.13570416463783364,4.8071849257503845E-6,0.17850526906692754,0.22513951445507907,0.047111755167592986],[0.1452771458663126,0.13611671642209311,0.13580897019684457,0.13764670360508244,4.7562042091420311E-6,0.17169379528234843,0.22611524740872696,0.047336665014480819],[0.13991681399580611,0.14384749618781545,0.13692000946532309,0.13959758219177515,4.7051866823408359E-6,0.16508565285756374,0.227069233461849,0.047558506653290727],[0.13470513454270108,0.15133473637499256,0.13792964262067753,0.14155652429533977,4.6541486301634041E-6,0.15869054420015039,0.22800152868557738,0.047777235132047645],[0.12963996531538105,0.15856942802196897,0.13884010489016457,0.14352325093628918,4.6031060831944442E-6,0.15251764168519383,0.2289121996341523,0.04799280641090909],[0.12471913514415632,0.16554311610207617,0.13965363828606045,0.14549748043368055,4.5520748120569771E-6,0.14657557738851495,0.22980132317287416,0.048205177397941008],[0.11994044554850307,0.17224790802003759,0.14037249021025724,0.14747892858335879,4.5010703219117846E-6,0.14087243428661883,0.23066898629714655,0.048414305983880718],[0.11530167241894859,0.17867648063931257,0.140998912062052,0.14946730883907158,4.4501078472790865E-6,0.13541573891437517,0.23151528594254764,0.048620151075944827],[0.11080056771171123,0.18482208585450205,0.14153515785048959,0.1514623324956085,4.39920234706734E-6,0.1302124554682885,0.23234032878668587,0.048822672630450564],[0.1064348611549407,0.19067855472559531,0.14198348281225071,0.15346370887409544,4.34836849991729E-6,0.12526898133764525,0.23314423104270479,0.049021831684329373],[0.10220226196438063,0.19624030019620867,0.14234614203667678,0.15547114550883021,4.2976206997997109E-6,0.12059114404282913,0.2339271182450347,0.049217590385384667],[0.098100460567407718,0.20150231842094105,0.14262538909871278,0.15748434833541375,4.2469730518955831E-6,0.11618419955567484,0.23468912502756514,0.04940991202126379],[0.094127130333551731,0.20646018873109465,0.14282347470116788,0.15950302187980189,4.19643936875233E-6,0.11205283197334384,0.23543039489462558,0.049598761047078659],[0.090279929310175575,0.21111007227114575,0.14294264532724213,0.16152686944795053,4.14603316672598E-6,0.10820115451366202,0.236151079985057,0.04978410311162948],[0.086556501961654889,0.21544870934185542,0.1429851419044722,0.16355559331560851,4.0957676626920755E-6,0.10463271179681681,0.23685134082980094,0.049965905082152741],[0.082954480910592446,0.21947341548854687,0.14295319848113347,0.165588894917993,4.0456557710463012E-6,0.10135048337513949,0.2375313461032737,0.050144135067575112],[0.079471488679371038,0.22318207637606913,0.14284904091626643,0.16762647503895417,3.995710100987551E-6,0.098356888470107928,0.23819127236893411,0.050318762440217255],[0.076105139430590843,0.22657314149448612,0.14267488558426708,0.16966803399921745,3.9459429540752474E-6,0.0956537918731745,0.23883130381943629,0.0504897578558934],[0.072853040704580638,0.22964561674159187,0.14243293809528643,0.17171327184343468,3.8963663220740528E-6,0.0932425109646915,0.23945163201171382,0.050657093272395037],[0.069712795152359716,0.23239905593068708,0.14212539203247074,0.17376188852562355,3.846991885074482E-6,0.091123823803245324,0.24005245559742969,0.0508207419663076],[0.06668200226242961,0.23483355127359745,0.14175442770709737,0.17581358409269704,3.7978310098951118E-6,0.089297978235862913,0.24063398004915895,0.050980678548146335],[0.063758260079564547,0.23694972289065516,0.14132221093275987,0.17786805886571971,3.7488947487610034E-6,0.087764701978024481,0.24119641738273875,0.051136878975782216],[0.0609391669138971,0.23874870740059004,0.1408308918196747,0.17992501361858432,3.7001938382590748E-6,0.086523213611067087,0.24173998587618895,0.051289320566146671],[0.0582223230385793,0.24023214564447273,0.14028260359015449,0.18198414975377439,3.6517386985662277E-6,0.085572234443476,0.24226490978562454,0.051437982005198536],[0.055605332374136611,0.2414021695986534,0.13967946141640614,0.18404516947490829,3.6035394329467454E-6,0.084910001181688136,0.24277141905860047,0.05158284335614681],[0.053085804157913322,0.24226138853229306,0.13902356128158602,0.18610777595579781,3.5556058275226447E-6,0.084534279355342912,0.24325974904527428,0.051723886065934123],[0.050661354596661344,0.24281287446560468,0.13831697886526967,0.18817167350569439,3.5079473513037814E-6,0.08444237744154047,0.2437301402078714,0.051861092969971566],[0.048329608500587234,0.243060146985072,0.13756176845431173,0.19023656773049752,3.460573156482655E-6,0.084631161632362312,0.24418283782883274,0.051994448295143388],[0.046088200897088281,0.24300715747194623,0.13675996188008344,0.19230216568965361,3.4134920789864121E-6,0.085097071189919812,0.24461809171810217,0.052123937661088832],[0.04393477862235514,0.24265827280023769,0.13591356748311911,0.19436817604850767,3.3667126392809254E-6,0.085836134333348246,0.24503615591997424,0.052249548079777296],[0.041867001889038982,0.24201825855997761,0.13502456910617056,0.19643430922589306,3.320243043423724E-6,0.086843984602490723,0.24543728841994103,0.052371267953400739],[0.039882545828343288,0.2410922618610408,0.13409492511653173,0.19850027753677085,3.2740911843627413E-6,0.088115877643535429,0.2458217508519373,0.052489087070611541],[0.0379791020045361,0.2398857937721556,0.13312656745874768,0.2005657953297266,3.2282646434728018E-6,0.089646708362572144,0.2461898082064389,0.052602996601135481],[0.036154379900286526,0.23840471144885045,0.13212140073850664,0.20263057911916088,3.1827706923256183E-6,0.091431028393846328,0.246541728539822,0.052712989088794175],[0.034406108370883891,0.23665520000310064,0.13108130133876239,0.20469434771204817,3.1376162946872654E-6,0.09346306383048622,0.24687778268540389,0.052819058442981265],[0.032732037065650831,0.23464375416631911,0.13000811656893638,0.20675682232914025,3.0928081087390456E-6,0.095736733166595159,0.24719824396657469,0.052921199928635795],[0.031129937814650482,0.23237715979607523,0.12890366384817212,0.20881772672052251,3.0483524895128575E-6,0.098245665400846352,0.24750338791244186,0.053019410154761679],[0.029597605979074293,0.22986247527553585,0.1277697299234235,0.2108767872754467,3.0042554915367569E-6,0.10098321825307471,0.24779349197636649,0.053113687061546545],[0.028132861763306087,0.22710701285317939,0.12660807012341632,0.21293373312640304,2.9605228716835492E-6,0.10394249644683383,0.24806883525781254,0.053204029906138449],[0.026733551487261541,0.2241183199687099,0.12542040764907275,0.21498829624738863,2.9171600922156333E-6,0.10711637001243314,0.24832969822786713,0.053290439247137646],[0.025397548817046443,0.22090416060950896,0.12420843290138824,0.21704021154636874,2.8741723240176419E-6,0.11049749256663527,0.2485763624588285,0.053372916927865451],[0.024122755952635355,0.21747249674011718,0.12297380284727166,0.2190892169519463,2.8315644500127747E-6,0.11407831952687732,0.24880911035819225,0.05345146605847742],[0.022907104770877977,0.21383146984555609,0.1217181404241206,0.22113505349425833,2.7893410687510917E-6,0.11785112621969862,0.24902822490740911,0.053526090996982335],[0.021748557922633156,0.20998938262731962,0.12044303398357592,0.22317746538015526,2.7475064981664462E-6,0.12180802584485098,0.24923398940570204,0.0535967973292383],[0.0206451098826936,0.20595468088908914,0.1191500367749472,0.225216200062705,2.7060647794900078E-6,0.12594098725848185,0.24942668721929087,0.053663591847988135],[0.019594787951509905,0.20173593564715658,0.11784066646860125,0.22725100830510278,2.6650196813159649E-6,0.13024185254065665,0.24960660153626457,0.053726482531004816],[0.018595653207623738,0.19734182549867837,0.11651640471963479,0.22928164423907377,2.6243747038085226E-6,0.13470235431444907,0.24977401512740316,0.053785478518413823],[0.017645801410146138,0.19278111927884839,0.11517869677186988,0.23130786541784698,2.584133083042991E-6,0.1393141327857618,0.24992921011317054,0.053840590089256311],[0.016743363850374421,0.18806265903611033,0.11382895110237552,0.23332943286382421,2.5442977954724873E-6,0.14406875247502082,0.2500724677371195,0.053891828637364136],[0.015886508152096017,0.18319534335252538,0.11246853910640622,0.23534611111105566,2.50487156251154E-6,0.14895771861382237,0.25020406814590751,0.053939206646609686],[0.015073439019922134,0.17818811103445281,0.11109879482277478,0.23735766824265897,2.4658568552285933E-6,0.15397249318160011,0.2503242901761214,0.053982737665600015],[0.014302398935118992,0.17304992519672471,0.10972101469963283,0.23936387592333688,2.4272558991386909E-6,0.15910451055930167,0.25043341114808981,0.054022436281882309],[0.013571668798462591,0.16778975776154537,0.10833645740054376,0.24136450942715559,2.3890706790882746E-6,0.16434519277901186,0.25053170666685992,0.054058318095727864],[0.012879568519480983,0.16241657439145285,0.10694634365089706,0.24335934766078668,2.3513029442239207E-6,0.16968596435036012,0.25061945043049894,0.054090399693566833],[0.01222445755149683,0.15693931987376597,0.10555185612466059,0.24534817318241375,2.3139542130365317E-6,0.17511826664641725,0.2506969140458789,0.054118698621142908],[0.011604735371888251,0.15136690397209809,0.10415413937147787,0.24733077221654409,2.2770257784743877E-6,0.18063357183364948,0.250764366852092,0.05414323335646172],[0.011018841906640384,0.14570818775872102,0.10275429978436794,0.24930693466498957,2.2405187131160287E-6,0.1862233963322934,0.25082207575165927,0.054164023282607408],[0.010465257898555711,0.13997197043976414,0.10135340560807909,0.25127645411428862,2.2044338743963994E-6,0.19187931379527412,0.25087030504965729,0.054181088660500969],[0.0099425052182247932,0.13416697668354077,0.099952486988331826,0.25323912783987362,2.1687719098782067E-6,0.19759296759552292,0.25090931630091562,0.054194450601676589],[0.0094491471170044389,0.1283018444605907,0.098552536062129659,0.25519475680729553,2.1335332625620484E-6,0.20335608281317155,0.25093936816539408,0.054204131041149121],[0.008983788421143106,0.12238511340243083,0.097154507089351638,0.2571431456708419,2.0987181762275721E-6,0.20916047771574534,0.2509607162718609,0.054210152710448212],[0.0085450756664728969,0.1164252136844348,0.095759316625667473,0.25908410276987232,2.0643267007988213E-6,0.21499807472599683,0.25097361308996818,0.054212539110886124],[0.008131697173069519,0.11043045543674655,0.094367843736856152,0.26101744012321915,2.0303586977272566E-6,0.2208609108734931,0.25097830781078762,0.054211314487130124]],"source_transformed":[[-0.00034668444885059232,-27.484547094495976,0.00094684838191263674,4.80288737785264E-10,1.4490786989162866E-8,27.484893783705449,-0.00094686763331869935,-4.80288737785264E-10],[-0.00031712014591337416,-29.343951171545822,0.00093101604993607514,4.781692909895556E-10,1.4574855190542487E-8,29.34426829604638,-0.00093103497943774658,-4.781692909895556E-10],[-0.00028909703692682134,-31.124543195566854,0.00091539737571225013,4.7600273816922753E-10,1.4642104055327911E-8,31.124832296573619,-0.00091541598765363915,-4.7600273816922753E-10],[-0.00026257211369647496,-32.825328461526482,0.00089997790536741607,4.73790226480971E-10,1.4692830288167163E-8,32.825591037245779,-0.00089999620379875372,-4.73790226480971E-10],[-0.0002375017134120282,-34.445479252195462,0.00088474414378496757,4.7153291918808832E-10,1.4727359076331322E-8,34.44571675717021,-0.000884762132482101,-4.7153291918808832E-10],[-0.00021384165217762773,-35.984331998034158,0.00086968354358556437,4.6923199415083689E-10,1.4746042032039303E-8,35.984545842622779,-0.00086970122606922634,-4.6923199415083689E-10],[-0.00019154735388411643,-37.441384117097,0.00085478449106896179,4.6688864232198383E-10,1.474925513697146E-8,37.441575667081182,-0.00085480187062375416,-4.6688864232198383E-10],[-0.00017057397416669591,-38.816290554993934,0.00084003628933566042,4.6450406625135481E-10,1.473739669692938E-8,38.8164611313104,-0.000840053369028695,-4.6450406625135481E-10],[-0.00015087651922893137,-40.108860045411255,0.000825429138810389,4.6207947860347876E-10,1.4710885314164111E-8,40.1090109240023,-0.0008254459215095314,-4.6207947860347876E-10],[-0.00013240995934092153,-41.31905111146159,0.00081095411538708163,4.5961610068910164E-10,1.4670157884477935E-8,41.319183523239154,-0.000810970603778752,-4.5961610068910164E-10],[-0.00011512933686470885,-42.446967829060995,0.00079660314641992577,4.5711516101650588E-10,1.461566762568343E-8,42.447082959978786,-0.00079661934302641037,-4.5711516101650588E-10],[-9.8989868681632347E-5,-43.492855372733352,0.00078236898477906122,4.5457789386271457E-10,1.4547882143584495E-8,43.492954363961346,-0.00078238489197529713,-4.5457789386271457E-10],[-8.3947042934616855E-5,-44.457095364878114,0.00076824518118947963,4.5200553786882996E-10,1.4467281541117739E-8,44.4571793130738,-0.00076826080121927668,-4.5200553786882996E-10],[-6.9956710026712222E-5,-45.340201049017232,0.000754226055067568,4.4939933466129167E-10,1.4374356575820071E-8,45.3402710066879,-0.00075424139005923763,-4.4939933466129167E-10],[-5.69751678453856E-5,-46.14281230750813,0.00074030666406441948,4.4676052750156139E-10,1.426960687029337E-8,46.142869283458353,-0.00074032171604578522,-4.4676052750156139E-10],[-4.4959241210214618E-5,-46.865690543823511,0.00072648277252001213,4.4409035996619475E-10,1.4153539179848133E-8,46.865735503682089,-0.0007264975434327774,-4.4409035996619475E-10],[-3.38663555676779E-5,-47.5097134492711,0.00071275081902585577,4.41